NAME : rc205.0
TYPE : TSPTW
DIMENSION : 27
EDGE_WEIGHT_TYPE : EXPLICIT
EDGE_WEIGHT_FORMAT : FULL_MATRIX
EDGE_WEIGHT_SECTION
0 380789 393573 360555 403112 333017 353553 390512 335261 323883 353553 392938 412310 442041 406079 380789 372022 383275 92194 392938 325575 384708 76158 178885 210950 155242 141421 
480789 100000 130000 170711 150000 222066 241421 211803 581041 534626 547214 605371 614782 520000 501123 400000 186023 561411 435410 439706 436155 354950 539090 370185 588365 531393 430151 
493573 130000 100000 153852 120000 207703 222066 186023 571275 523792 534626 592443 600899 550000 531045 430000 164030 547214 442053 420155 422025 333452 554863 370740 610882 552769 432415 
460555 170711 153852 100000 150000 153852 170711 150000 517612 470000 480789 538634 547214 572652 550444 453553 120000 493573 400832 369072 368328 284391 526380 323607 596488 536005 386356 
503112 150000 120000 150000 100000 201980 211803 170711 565725 517612 527200 584665 592443 570000 550999 450000 153852 538634 447851 408058 413847 320227 566154 372947 626308 567547 435410 
433017 222066 207703 153852 201980 100000 130000 158310 464005 416228 426956 484838 493573 600100 575184 483275 150000 440000 364197 319317 314709 238924 503112 280278 587647 525441 343516 
453553 241421 222066 170711 211803 130000 100000 150000 456931 408058 416228 473363 480789 629528 604876 512310 158310 426956 380179 298494 302485 214018 525206 292354 614296 551774 354950 
490512 211803 186023 150000 170711 158310 150000 100000 506079 456931 464005 520595 527200 622398 600400 503112 130000 473363 422490 338537 350000 250000 559674 337697 638516 577074 400832 
435261 581041 571275 517612 565725 464005 456931 506079 100000 150000 158310 160000 180000 842024 808025 750692 512310 178102 359422 308806 260000 380713 496232 340832 643415 590408 316333 
423883 534626 523792 470000 517612 416228 408058 456931 150000 100000 130000 178102 194340 812811 779559 717171 464005 160000 340416 261555 210000 330868 490512 306155 634603 578539 293132 
453553 547214 534626 480789 527200 426956 416228 464005 158310 130000 100000 158310 170711 837835 804910 740311 473363 130000 369258 252971 214018 330217 520476 330217 664358 608035 321359 
492938 605371 592443 538634 584665 484838 473363 520595 160000 178102 158310 100000 120000 890569 857166 795270 530813 150000 413847 300000 270880 382843 555412 384253 702080 648179 368328 
512310 614782 600899 547214 592443 493573 480789 527200 180000 194340 170711 120000 100000 907093 873886 810634 538634 153852 432415 300998 278885 386356 575184 400000 721691 667539 386356 
542041 520000 550000 572652 570000 600100 629528 622398 842024 812811 837835 890569 907093 100000 136056 220000 592544 863217 588365 796419 757419 733246 529418 607740 435410 432415 626308 
506079 501123 531045 550444 550999 575184 604876 600400 808025 779559 804910 857166 873886 136056 100000 204403 570425 830616 553431 767307 726498 706383 493573 575079 402655 397321 592037 
480789 400000 430000 453553 450000 483275 512310 503112 750692 717171 740311 795270 810634 220000 204403 100000 473363 764003 508044 686003 652268 618652 488330 511096 435410 410000 539318 
472022 186023 164030 120000 153852 150000 158310 130000 512310 464005 473363 530813 538634 592544 570425 473363 100000 484838 408707 356125 360000 269706 539318 328035 613128 552217 391204 
483275 561411 547214 493573 538634 440000 426956 473363 178102 160000 130000 150000 153852 863217 830616 764003 484838 100000 398329 250000 225300 333452 550444 355539 694138 637587 350000 
192195 435410 442053 400832 447851 364197 380179 422490 359422 340416 369258 413847 432415 588365 553431 508044 408707 398329 100000 400832 333452 396816 267631 192195 400000 340832 150000 
492938 439706 420155 369072 408058 319317 298494 338537 308806 261555 252971 300000 300998 796419 767307 686003 356125 250000 400832 100000 172111 189443 568402 320906 695399 633385 352982 
425575 436155 422025 368328 413847 314709 302485 350000 260000 210000 214018 270880 278885 757419 726498 652268 360000 225300 333452 172111 100000 221655 500250 261245 631507 570425 284391 
484708 354950 333452 284391 320227 238924 214018 250000 380713 330868 330217 382843 386356 733246 706383 618652 269706 333452 396816 189443 221655 100000 560652 305913 672800 609608 356125 
176158 539090 554863 526380 566154 503112 525206 559674 496232 490512 520476 555412 575184 529418 493573 488330 539318 550444 267631 568402 500250 560652 100000 354950 248661 206301 315870 
278885 370185 370740 323607 372947 280278 292354 337697 340832 306155 330217 384253 400000 607740 575079 511096 328035 355539 192195 320906 261245 305913 354950 100000 474833 412570 163246 
310950 588365 610882 596488 626308 587647 614296 638516 643415 634603 664358 702080 721691 435410 402655 435410 613128 694138 400000 695399 631507 672800 248661 474833 100000 163246 450000 
255242 531393 552769 536005 567547 525441 551774 577074 590408 578539 608035 648179 667539 432415 397321 410000 552217 637587 340832 633385 570425 609608 206301 412570 163246 100000 390689 
241421 430151 432415 386356 435410 343516 354950 400832 316333 293132 321359 368328 386356 626308 592037 539318 391204 350000 150000 352982 284391 356125 315870 163246 450000 390689 100000 
TIME_WINDOW_SECTION
1 0 9600000
2 4310000 9110000
3 2910000 7710000
4 6740000 7340000
5 400000 5200000
6 3930000 5020000
7 1200000 6000000
8 3970000 4570000
9 2250000 2850000
10 430000 5230000
11 350000 3660000
12 2040000 2640000
13 2040000 4250000
14 6550000 7780000
15 3770000 8570000
16 5310000 7360000
17 4320000 6650000
18 380000 3220000
19 1870000 2470000
20 2400000 4510000
21 3660000 4830000
22 3820000 4420000
23 8170000 9420000
24 2620000 3770000
25 7890000 9280000
26 3820000 8620000
27 140000 4940000
DEPOT_SECTION
1 
-1
EOF
