NAME : rc201.3
TYPE : TSPTW
DIMENSION : 20
EDGE_WEIGHT_TYPE : EXPLICIT
EDGE_WEIGHT_FORMAT : FULL_MATRIX
EDGE_WEIGHT_SECTION
0 380789 393573 360555 333017 353553 390512 430116 360555 335410 353412 372022 141421 158114 100000 274591 392938 325575 384708 178885 
480789 100000 130000 170711 222066 241421 211803 500000 453553 404138 401496 186023 354950 382843 391548 529418 439706 436155 354950 370185 
493573 130000 100000 153852 207703 222066 186023 530000 483275 433765 431361 164030 362487 404795 408058 556180 420155 422025 333452 370740 
460555 170711 153852 100000 153852 170711 150000 552769 500000 450000 450570 120000 323607 391548 382843 555412 369072 368328 284391 323607 
433017 222066 207703 153852 100000 130000 158310 580521 522966 473363 476563 150000 292094 387924 366271 560977 319317 314709 238924 280278 
453553 241421 222066 170711 130000 100000 150000 609902 552769 503112 506079 158310 312132 416228 391548 590306 298494 302485 214018 292354 
490512 211803 186023 150000 158310 150000 100000 602494 550000 500000 500500 130000 350000 435410 420155 602892 338537 350000 250000 337697 
530116 500000 530000 552769 580521 609902 602494 100000 170711 211803 204403 572652 530116 382843 453553 300998 777791 739531 714003 590918 
460555 453553 483275 500000 522966 552769 550000 170711 100000 150000 153852 520000 460555 312132 382843 252971 713514 672713 653173 521900 
435410 404138 433765 450000 473363 503112 500000 211803 150000 100000 120000 470000 420155 280278 350000 270000 666480 627731 604480 480132 
453412 401496 431361 450570 476563 506079 500500 204403 153852 120000 100000 470540 433017 297231 366271 287883 673847 637122 609608 492046 
472022 186023 164030 120000 150000 158310 130000 572652 520000 470000 470540 100000 333238 408869 397321 574342 356125 360000 269706 328035 
241421 354950 362487 323607 292094 312132 350000 530116 460555 420155 433017 333238 100000 258114 200000 433765 380000 323607 352982 163246 
258114 382843 404795 391548 387924 416228 435410 382843 312132 280278 297231 408869 258114 100000 170711 280000 532897 480789 491152 321359 
200000 391548 408058 382843 366271 391548 420155 453553 382843 350000 366271 397321 200000 170711 100000 335372 480000 422490 449285 261245 
374591 529418 556180 555412 560977 590306 602892 300998 252971 270000 287883 574342 433765 280000 335372 100000 712046 657315 670789 496232 
492938 439706 420155 369072 319317 298494 338537 777791 713514 666480 673847 356125 380000 532897 480000 712046 100000 172111 189443 320906 
425575 436155 422025 368328 314709 302485 350000 739531 672713 627731 637122 360000 323607 480789 422490 657315 172111 100000 221655 261245 
484708 354950 333452 284391 238924 214018 250000 714003 653173 604480 609608 269706 352982 491152 449285 670789 189443 221655 100000 305913 
278885 370185 370740 323607 280278 292354 337697 590918 521900 480132 492046 328035 163246 321359 261245 496232 320906 261245 305913 100000 
TIME_WINDOW_SECTION
1 0 9600000
2 6730000 7930000
3 4710000 5910000
4 6440000 7640000
5 3880000 5080000
6 3000000 4200000
7 3670000 4870000
8 430000 1630000
9 640000 1840000
10 330000 1530000
11 2170000 3370000
12 4890000 6090000
13 5990000 7190000
14 2580000 3780000
15 6120000 7320000
16 600000 1800000
17 2860000 4060000
18 3650000 4850000
19 3520000 4720000
20 2600000 3800000
DEPOT_SECTION
1 
-1
EOF
