NAME : rc202.2
TYPE : TSPTW
DIMENSION : 28
EDGE_WEIGHT_TYPE : EXPLICIT
EDGE_WEIGHT_FORMAT : FULL_MATRIX
EDGE_WEIGHT_SECTION
0 380789 393573 403112 335410 316228 380789 403112 430116 406079 372022 360555 335410 353412 377359 269258 424264 269258 158114 196469 360555 120416 322025 382099 42426 481664 205182 192354 
480789 100000 130000 150000 622015 574342 638516 571699 500000 501123 473363 453553 404138 401496 158310 702080 767083 369258 382843 288680 751920 461248 711309 723699 498497 802140 600100 289737 
493573 130000 100000 120000 614198 565725 628110 556508 530000 531045 503112 483275 433765 431361 136056 705310 760983 359614 404795 306155 750308 481838 710082 718142 508534 793758 601597 301246 
503112 150000 120000 100000 609902 560977 622015 547214 550000 550999 522966 503112 453553 451283 130000 708276 757647 354950 420155 319317 750000 496232 710082 715224 516293 788840 603587 310950 
435410 622015 614198 609902 100000 150000 150000 241421 843303 823464 787677 772681 736396 750692 580521 323607 250000 354950 560977 522019 280278 552769 255562 211803 395466 280278 260000 482753 
416228 574342 565725 560977 150000 100000 170711 211803 810634 792026 756048 740311 702080 715549 531741 350000 300000 306155 530116 482884 323607 529535 294165 261245 378927 328035 267631 442053 
480789 638516 628110 622015 150000 170711 100000 211803 881025 862168 826223 810634 772681 786222 593356 369258 258114 369258 600000 553431 312132 596488 294165 230384 441760 270294 310000 512310 
503112 571699 556508 547214 241421 211803 211803 100000 863217 847930 811969 794621 751920 762873 520595 460555 369258 312132 592443 524382 420155 606952 396985 341867 470540 372947 378568 480132 
530116 500000 530000 550000 843303 810634 881025 863217 100000 130000 158310 170711 211803 204403 550999 794621 951468 659017 382843 440000 890569 413847 852130 908084 572017 1006091 734114 484708 
506079 501123 531045 550999 823464 792026 862168 847930 130000 100000 136056 153852 201980 200000 550000 768880 928794 646260 362487 426956 866094 388444 828011 885684 548219 984138 710737 471618 
472022 473363 503112 522966 787677 756048 826223 811969 158310 136056 100000 120000 170000 172801 520476 736318 893977 610784 326716 391548 832393 355539 794046 850733 514005 948999 676281 436155 
460555 453553 483275 503112 772681 740311 810634 794621 170711 153852 120000 100000 150000 153852 500500 726498 881025 592443 312132 373130 821110 345967 782422 837564 502244 935464 664004 417805 
435410 404138 433765 453553 736396 702080 772681 751920 211803 201980 170000 150000 100000 120000 450570 704152 850000 547214 280278 328254 794621 328035 755134 806045 475899 902808 635350 372947 
453412 401496 431361 451283 750692 715549 786222 762873 204403 200000 172801 153852 120000 100000 450000 722415 866094 556508 297231 338537 811969 347386 772309 822011 493573 918352 652268 383019 
477359 158310 136056 130000 580521 531741 593356 520595 550999 550000 520476 500500 450570 450000 100000 678705 728013 325610 402324 298494 720000 476431 680086 685491 489101 759697 573814 286011 
369258 702080 705310 708276 323607 350000 369258 460555 794621 768880 736318 726498 704152 722415 678705 100000 306155 480789 527200 542832 211803 480789 190554 280278 330868 369258 207703 520119 
524264 767083 760983 757647 250000 300000 258114 369258 951468 928794 893977 881025 850000 866094 728013 306155 100000 503112 670087 650091 200000 644518 217047 144721 481838 163246 319317 614782 
369258 369258 359614 354950 354950 306155 369258 312132 659017 646260 610784 592443 547214 556508 325610 480789 503112 100000 404138 319317 503112 440588 464966 461248 355539 534166 373130 274642 
258114 382843 404795 420155 560977 530116 600000 592443 382843 362487 326716 312132 280278 297231 402324 527200 670087 404138 100000 207703 614782 180623 575079 626308 296977 723699 455106 241421 
296469 288680 306155 319317 522019 482884 553431 524382 440000 426956 391548 373130 328254 338537 298494 542832 650091 319317 207703 100000 612445 278045 571275 605371 320906 696825 451710 144721 
460555 751920 750308 750000 280278 323607 312132 420155 890569 866094 832393 821110 794621 811969 720000 211803 200000 503112 614782 612445 100000 578017 141231 189443 419061 261245 261555 582701 
220416 461248 481838 496232 552769 529535 596488 606952 413847 388444 355539 345967 328035 347386 476431 480789 644518 440588 180623 278045 578017 100000 540454 602494 262788 702080 425269 301246 
422025 711309 710082 710082 255562 294165 294165 396985 852130 828011 794046 782422 755134 772309 680086 190554 217047 464966 575079 571275 141231 540454 100000 190000 380179 280278 220830 541475 
482099 723699 718142 715224 211803 261245 230384 341867 908084 885684 850733 837564 806045 822011 685491 280278 144721 461248 626308 605371 189443 602494 190000 100000 439706 200000 278045 570106 
142426 498497 508534 516293 395466 378927 441760 470540 572017 548219 514005 502244 475899 493573 489101 330868 481838 355539 296977 320906 419061 262788 380179 439706 100000 539318 262788 308806 
581664 802140 793758 788840 280278 328035 270294 372947 1006091 984138 948999 935464 902808 918352 759697 369258 163246 534166 723699 696825 261245 702080 280278 200000 539318 100000 378028 659464 
305183 600100 601597 603587 260000 267631 310000 378568 734114 710737 676281 664004 635350 652268 573814 207703 319317 373130 455106 451710 261555 425269 220830 278045 262788 378028 100000 423883 
292354 289737 301246 310950 482753 442053 512310 480132 484708 471618 436155 417805 372947 383019 286011 520119 614782 274642 241421 144721 582701 301246 541475 570106 308806 659464 423883 100000 
TIME_WINDOW_SECTION
1 0 9600000
2 0 9110000
3 0 9100000
4 0 9090000
5 3710000 4910000
6 5190000 6390000
7 6530000 7730000
8 7030000 8230000
9 430000 1630000
10 0 9090000
11 2780000 3980000
12 640000 1840000
13 330000 1530000
14 2170000 3370000
15 370000 1570000
16 3970000 5170000
17 0 9070000
18 6940000 8140000
19 2580000 3780000
20 8100000 9300000
21 6450000 7650000
22 3550000 4750000
23 3490000 4690000
24 3590000 4790000
25 3590000 4790000
26 5470000 6670000
27 3080000 4280000
28 8100000 9300000
DEPOT_SECTION
1 
-1
EOF
