NAME : rc205.3
TYPE : TSPTW
DIMENSION : 25
EDGE_WEIGHT_TYPE : EXPLICIT
EDGE_WEIGHT_FORMAT : FULL_MATRIX
EDGE_WEIGHT_SECTION
0 308058 430116 372022 360555 403112 308058 335410 353412 377359 200000 180278 141421 180278 158114 291548 130384 100000 254951 274591 120416 147648 42426 120416 171172 
408058 100000 541475 503112 483275 492938 460000 433765 437343 172801 350799 462491 270000 588262 350799 687282 524853 334306 574236 522019 419061 423883 417648 526380 542041 
530116 541475 100000 158310 170711 150000 222066 211803 204403 550999 670087 369258 530116 622015 382843 600000 636656 453553 400000 300998 413847 666392 572017 558803 478550 
472022 503112 158310 100000 120000 153852 164030 170000 172801 520476 616140 311896 477359 565725 326716 550999 578539 397321 351794 250333 355539 609313 514005 501622 423883 
460555 483275 170711 120000 100000 150000 153852 150000 153852 500500 600000 306155 460555 560977 312132 552769 570106 382843 354950 252971 345967 595782 502244 495601 421403 
503112 492938 150000 153852 150000 100000 201980 170711 158310 501123 631507 354950 490512 609902 350000 602494 616236 420155 404138 302237 391548 634135 544185 543847 471214 
408058 460000 222066 164030 153852 201980 100000 158310 176158 486394 554863 252971 417648 507921 264012 506079 516293 334306 311896 211803 292354 545533 450000 442053 370185 
435410 433765 211803 170000 150000 170711 158310 100000 120000 450570 560977 300000 420155 552769 280278 560977 552217 350000 369258 270000 328035 564004 475899 484708 420624 
453412 437343 204403 172801 153852 158310 176158 120000 100000 450000 574236 320000 433017 572652 297231 580521 571275 366271 387924 287883 347386 580104 493573 504474 440588 
477359 172801 550999 520476 500500 501123 486394 450570 450000 100000 420000 513401 341661 657584 402324 750692 596588 397321 624786 562385 476431 496232 489101 594065 602494 
300000 350799 670087 616140 600000 631507 554863 560977 574236 420000 100000 464005 241421 435410 391548 574342 346982 323607 552769 555412 400832 198995 272627 400832 470540 
280278 462491 369258 311896 306155 354950 252971 300000 320000 513401 464005 100000 350000 354950 211803 369258 369258 250000 211803 194340 163246 427567 322036 289737 221655 
241421 270000 530116 477359 460555 490512 417648 420155 433017 341661 241421 350000 100000 420155 258114 530116 354950 200000 453553 433765 291050 272627 247647 361725 395466 
280278 588262 622015 565725 560977 609902 507921 552769 572652 657584 435410 354950 420155 100000 404138 250000 192195 369258 350000 426956 330217 343516 276918 170711 247647 
258114 350799 382843 326716 312132 350000 264012 280278 297231 402324 391548 211803 258114 404138 100000 460555 382843 170711 323607 280000 180623 384253 296977 333452 308087 
391548 687282 600000 550999 552769 602494 506079 560977 580521 750692 574342 369258 530116 250000 460555 100000 340832 453553 300000 400666 380179 488330 404631 274642 252643 
230384 524853 636656 578539 570106 616236 516293 552217 571275 596588 346982 369258 354950 192195 382843 340832 100000 330217 400000 456090 324722 252315 207703 194340 294165 
200000 334306 453553 397321 382843 420155 334306 350000 366271 397321 323607 250000 200000 369258 170711 453553 330217 100000 354950 335372 192195 314009 233417 301246 308087 
354950 574236 400000 351794 354950 404138 311896 369258 387924 624786 552769 211803 453553 350000 323607 300000 400000 354950 100000 201980 262788 498497 391204 306155 206301 
374591 522019 300998 250333 252971 302237 211803 270000 287883 562385 555412 194340 433765 426956 280000 400666 456090 335372 201980 100000 256525 521900 416228 369258 280278 
220416 419061 413847 355539 345967 391548 292354 328035 347386 476431 400832 163246 291050 330217 180623 380179 324722 192195 262788 256525 100000 366271 262788 260000 228062 
247647 423883 666392 609313 595782 634135 545533 564004 580104 496232 198995 427567 272627 343516 384253 488330 252315 314009 498497 521900 366271 100000 207703 320227 404138 
142426 417648 572017 514005 502244 544185 450000 475899 493573 489101 272627 322036 247647 276918 296977 404631 207703 233417 391204 416228 262788 207703 100000 230000 300250 
220416 526380 558803 501622 495601 543847 442053 484708 504474 594065 400832 289737 361725 170711 333452 274642 194340 301246 306155 369258 260000 320227 230000 100000 200000 
271172 542041 478550 423883 421403 471214 370185 420624 440588 602494 470540 221655 395466 247647 308087 252643 294165 308087 206301 280278 228062 404138 300250 200000 100000 
TIME_WINDOW_SECTION
1 0 9600000
2 300000 5100000
3 430000 1860000
4 3080000 3680000
5 460000 2010000
6 3390000 4380000
7 3770000 4940000
8 330000 1660000
9 2470000 3070000
10 370000 1770000
11 4050000 4650000
12 5540000 7670000
13 6290000 6890000
14 5600000 6730000
15 2140000 4210000
16 1970000 2570000
17 5700000 6810000
18 6130000 7300000
19 1910000 4100000
20 270000 5070000
21 3320000 4970000
22 140000 4940000
23 3110000 5260000
24 4570000 9370000
25 2120000 6920000
DEPOT_SECTION
1 
-1
EOF
