NAME : rc204.1
TYPE : TSPTW
DIMENSION : 29
EDGE_WEIGHT_TYPE : EXPLICIT
EDGE_WEIGHT_FORMAT : FULL_MATRIX
EDGE_WEIGHT_SECTION
0 442041 430116 406079 372022 360555 403112 308058 335410 380789 353412 335410 180278 180278 206155 130384 252982 254951 274591 76158 120416 270185 42426 120416 147648 210950 171172 206155 155242 
542041 100000 120000 136056 170711 186023 170000 234536 230000 220000 223693 760983 377308 628110 692368 645894 531045 400666 303961 529418 424500 668859 584149 566154 542719 435410 483275 592443 432415 
530116 120000 100000 130000 158310 170711 150000 222066 211803 200000 204403 757647 369258 622015 685235 636656 530116 400000 300998 520476 413847 665684 572017 558803 536807 432415 478550 588365 425730 
506079 136056 130000 100000 136056 153852 158310 198995 201980 204403 200000 728013 341661 593356 657136 610000 500125 370000 271172 493573 388444 636004 548219 530813 508044 402655 449285 558912 397321 
472022 170711 158310 136056 100000 120000 153852 164030 170000 186023 172801 704070 311896 565725 628110 578539 480526 351794 250333 462491 355539 612445 514005 501622 480789 380179 423883 534166 369258 
460555 186023 170711 153852 120000 100000 150000 153852 150000 170711 153852 702080 306155 560977 622015 570106 482099 354950 252971 454683 345967 610882 502244 495601 476563 380179 421403 531856 364764 
503112 170000 150000 158310 153852 150000 100000 201980 170711 150000 158310 751920 354950 609902 670087 616236 531856 404138 302237 501622 391548 660803 544185 543847 525793 430151 471214 581664 414006 
408058 234536 222066 198995 164030 153852 201980 100000 158310 204403 176158 650818 252971 507921 568402 516293 435410 311896 211803 400832 292354 560109 450000 442053 423883 331948 370185 480526 312132 
435410 230000 211803 201980 170000 150000 170711 158310 100000 150000 120000 700000 300000 552769 609902 552217 490512 369258 270000 439558 328035 610392 475899 484708 470540 386356 420624 530116 360000 
480789 220000 200000 204403 186023 170711 150000 204403 150000 100000 130000 750000 350000 602494 659017 600000 539318 416228 315407 488330 376586 660357 520476 534166 520476 435410 470540 580104 410000 
453412 223693 204403 200000 172801 153852 158310 176158 120000 130000 100000 720000 320000 572652 629528 571275 510000 387924 287883 459026 347386 630377 493573 504474 490512 405941 440588 550111 380000 
435410 760983 757647 728013 704070 702080 751920 650818 700000 750000 720000 100000 500000 258114 241421 320227 337697 464005 557056 381603 484708 192195 424500 328035 330868 425575 380713 270294 440000 
280278 377308 369258 341661 311896 306155 354950 252971 300000 350000 320000 500000 100000 354950 416228 369258 301246 211803 194340 252643 163246 410644 322036 289737 271172 200000 221655 330217 160000 
280278 628110 622015 593356 565725 560977 609902 507921 552769 602494 572652 258114 354950 100000 170711 192195 256525 350000 426956 223693 330217 192195 276918 170711 185440 302485 247647 163246 296469 
306155 692368 685235 657136 628110 622015 670087 568402 609902 659017 629528 241421 416228 170711 100000 180623 324722 420155 493573 271172 382843 220416 287883 226491 252643 372029 316333 230384 360000 
230384 645894 636656 610000 578539 570106 616236 516293 552217 600000 571275 320227 369258 192195 180623 100000 335372 400000 456090 216619 324722 278885 207703 194340 234164 350000 294165 250000 320227 
352982 531045 530116 500125 480526 482099 531856 435410 490512 539318 510000 337697 301246 256525 324722 335372 100000 230384 330217 277200 319317 247647 374591 250000 210454 204403 192195 194340 250000 
354950 400666 400000 370000 351794 354950 404138 311896 369258 416228 387924 464005 211803 350000 420155 400000 230384 100000 201980 296977 262788 372029 391204 306155 269706 150000 206301 301246 200499 
374591 303961 300998 271172 250333 252971 302237 211803 270000 315407 287883 557056 194340 426956 493573 456090 330217 201980 100000 340832 256525 464966 416228 369258 341661 231529 280278 388616 236015 
176158 529418 520476 493573 462491 454683 501622 400832 439558 488330 459026 381603 252643 223693 271172 216619 277200 296977 340832 100000 211803 305913 200000 153852 172111 248661 200499 234536 206301 
220416 424500 413847 388444 355539 345967 391548 292354 328035 376586 347386 484708 163246 330217 382843 324722 319317 262788 256525 211803 100000 400832 262788 260000 255242 234164 228062 321359 172111 
370185 668859 665684 636004 612445 610882 660803 560109 610392 660357 630377 192195 410644 192195 220416 278885 247647 372029 464966 305913 400832 100000 369072 252643 245602 333452 290000 180623 350799 
142426 584149 572017 548219 514005 502244 544185 450000 475899 520476 493573 424500 322036 276918 287883 207703 374591 391204 416228 200000 262788 369072 100000 230000 264924 345153 300250 314709 293132 
220416 566154 558803 530813 501622 495601 543847 442053 484708 534166 504474 328035 289737 170711 226491 194340 250000 306155 369258 153852 260000 252643 230000 100000 141231 256205 200000 186023 234164 
247647 542719 536807 508044 480789 476563 525793 423883 470540 520476 490512 330868 271172 185440 252643 234164 210454 269706 341661 172111 255242 245602 264924 141231 100000 220416 164030 167082 211803 
310950 435410 432415 402655 380179 380179 430151 331948 386356 435410 405941 425575 200000 302485 372029 350000 204403 150000 231529 248661 234164 333452 345153 256205 220416 100000 156569 258114 163246 
271172 483275 478550 449285 423883 421403 471214 370185 420624 470540 440588 380713 221655 247647 316333 294165 192195 206301 280278 200499 228062 290000 300250 200000 164030 156569 100000 210454 163246 
306155 592443 588365 558912 534166 531856 581664 480526 530116 580104 550111 270294 330217 163246 230384 250000 194340 301246 388616 234536 321359 180623 314709 186023 167082 258114 210454 100000 270294 
255242 432415 425730 397321 369258 364764 414006 312132 360000 410000 380000 440000 160000 296469 360000 320227 250000 200499 236015 206301 172111 350799 293132 234164 211803 163246 163246 270294 100000 
TIME_WINDOW_SECTION
1 0 9600000
2 0 9050000
3 0 9060000
4 0 9090000
5 2780000 3980000
6 0 9130000
7 0 9090000
8 0 9190000
9 0 9160000
10 0 9110000
11 2170000 3370000
12 0 9160000
13 0 9310000
14 0 9310000
15 0 9290000
16 0 9360000
17 2680000 3880000
18 0 9240000
19 0 9220000
20 0 9420000
21 0 9370000
22 3950000 5150000
23 0 9450000
24 0 9370000
25 140000 1340000
26 0 9280000
27 0 9320000
28 0 9290000
29 0 9340000
DEPOT_SECTION
1 
-1
EOF
