NAME : rc201.1
TYPE : TSPTW
DIMENSION : 29
EDGE_WEIGHT_TYPE : EXPLICIT
EDGE_WEIGHT_FORMAT : FULL_MATRIX
EDGE_WEIGHT_SECTION
0 353553 451774 400500 350570 450000 350000 450444 442041 406079 380789 383275 380526 335410 250000 180278 180278 424264 206155 111803 130384 429418 76158 192354 270185 354683 120416 210950 155242 
453553 100000 658659 609313 576340 631507 560977 618556 837835 804910 740311 130000 595782 659017 350000 622015 560977 354950 527200 404138 468782 741405 520476 449285 644059 720322 541022 664358 608035 
551774 658659 100000 153852 201980 140000 207703 160000 932406 898123 907527 680000 172801 286011 414006 660892 405941 471618 350200 461386 421403 274642 521070 369258 372947 361725 473363 599800 602195 
500500 609313 153852 100000 150000 153852 153852 164030 890569 855843 861183 631507 120000 264012 362487 616624 362487 435261 302237 408058 370185 281108 473363 315870 342074 346982 427567 560977 558803 
450570 576340 201980 150000 100000 201980 120000 207703 843303 808378 811969 600000 130000 239284 326716 568402 315407 423883 252971 359614 320227 282483 423883 267631 305183 324722 378927 515933 511096 
550000 631507 140000 153852 201980 100000 200000 120000 944334 909568 913940 651725 172801 312132 391548 670087 416228 435410 354950 453553 420155 311896 525793 361725 394109 392062 480789 614782 612445 
450000 560977 207703 153852 120000 200000 100000 201980 850267 815122 815891 584149 136056 258114 312132 574342 323607 404138 258114 354950 320227 302237 427567 262788 320227 343516 384605 525441 517851 
550444 618556 160000 164030 207703 120000 201980 100000 950941 915966 917863 638145 180623 326716 381780 675674 423110 417648 359614 451283 421403 330868 529535 360192 406105 408058 486004 623259 618652 
542041 837835 932406 890569 843303 944334 850267 950941 100000 136056 220000 863217 871622 760983 792026 377308 628110 964523 692368 652177 645894 833348 529418 717738 668859 721289 566154 435410 432415 
506079 804910 898123 855843 808378 909568 815122 915966 136056 100000 204403 830616 836817 728013 756048 341661 593356 928794 657136 616140 610000 801783 493573 681808 636004 690339 530813 402655 397321 
480789 740311 907527 861183 811969 913940 815891 917863 220000 204403 100000 764003 841485 750000 726498 350000 602494 890569 659017 592443 600000 831710 488330 669210 660357 725140 534166 435410 410000 
483275 130000 680000 631507 600000 651725 584149 638145 863217 830616 764003 100000 618556 686003 374591 650818 590306 362487 555412 433765 498121 767307 550444 476962 672800 748460 570956 694138 637587 
480526 595782 172801 120000 130000 172801 136056 180623 871622 836817 841485 618556 100000 252643 347588 597293 343516 429847 282483 388616 350200 280000 453553 296469 326716 337065 408058 542832 539659 
435410 659017 286011 264012 239284 312132 258114 326716 760983 728013 750000 686003 252643 100000 416228 500000 258114 550000 241421 382843 320227 194340 381603 310950 192195 185440 328035 425575 440000 
350000 350000 414006 362487 326716 391548 312132 381780 792026 756048 726498 374591 347588 416228 100000 524264 354950 280278 300000 241421 274642 493573 378028 220416 420155 486394 368328 521900 484187 
280278 622015 660892 616624 568402 670087 574342 675674 377308 341661 350000 650818 597293 500000 524264 100000 354950 702080 416228 382843 369258 582597 252643 441321 410644 478550 289737 200000 160000 
280278 560977 405941 362487 315407 416228 323607 423110 628110 593356 602494 590306 343516 258114 354950 354950 100000 527200 170711 258114 192195 350799 223693 236015 192195 276918 170711 302485 296469 
524264 354950 471618 435261 423883 435410 404138 417648 964523 928794 890569 362487 429847 550000 280278 702080 527200 100000 464005 420155 453553 606360 558039 391548 578539 630848 547772 702080 664004 
306155 527200 350200 302237 252971 354950 258114 359614 692368 657136 659017 555412 282483 241421 300000 416228 170711 464005 100000 241421 180623 334306 271172 180623 220416 293132 226491 372029 360000 
211803 404138 461386 408058 359614 453553 354950 451283 652177 616140 592443 433765 388616 382843 241421 382843 258114 420155 241421 100000 167082 475365 238924 192195 345967 427567 241421 386356 344131 
230384 468782 421403 370185 320227 420155 320227 421403 645894 610000 600000 498121 350200 320227 274642 369258 192195 453553 180623 167082 100000 414006 216619 172111 278885 360768 194340 350000 320227 
529418 741405 274642 281108 282483 311896 302237 330868 833348 801783 831710 767307 280000 194340 493573 582597 350799 606360 334306 475365 414006 100000 473363 398329 272627 214018 419530 500125 522966 
176158 520476 521070 473363 423883 525793 427567 529535 529418 493573 488330 550444 453553 381603 378028 252643 223693 558039 271172 238924 216619 473363 100000 288680 305913 388444 153852 248661 206301 
292354 449285 369258 315870 267631 361725 262788 360192 717738 681808 669210 476962 296469 310950 220416 441321 236015 391548 180623 192195 172111 398329 288680 100000 300998 372029 262788 418904 392062 
370185 644059 372947 342074 305183 394109 320227 406105 668859 636004 660357 672800 326716 192195 420155 410644 192195 578539 220416 345967 278885 272627 305913 300998 100000 184853 252643 333452 350799 
454683 720322 361725 346982 324722 392062 343516 408058 721289 690339 725140 748460 337065 185440 486394 478550 276918 630848 293132 427567 360768 214018 388444 372029 184853 100000 336008 390689 420155 
220416 541022 473363 427567 378927 480789 384605 486004 566154 530813 534166 570956 408058 328035 368328 289737 170711 547772 226491 241421 194340 419530 153852 262788 252643 336008 100000 256205 234164 
310950 664358 599800 560977 515933 614782 525441 623259 435410 402655 435410 694138 542832 425575 521900 200000 302485 702080 372029 386356 350000 500125 248661 418904 333452 390689 256205 100000 163246 
255242 608035 602195 558803 511096 612445 517851 618652 432415 397321 410000 637587 539659 440000 484187 160000 296469 664004 360000 344131 320227 522966 206301 392062 350799 420155 234164 163246 100000 
TIME_WINDOW_SECTION
1 0 9600000
2 350000 1550000
3 3350000 4550000
4 2540000 3740000
5 5370000 6570000
6 2150000 3350000
7 3750000 4950000
8 2010000 3210000
9 6570000 7770000
10 5570000 6770000
11 5740000 6940000
12 1050000 2250000
13 4400000 5600000
14 3260000 4460000
15 1750000 2950000
16 6010000 7210000
17 5570000 6770000
18 420000 1620000
19 1910000 3110000
20 110000 1310000
21 5660000 6860000
22 2680000 3880000
23 8220000 9420000
24 1050000 2250000
25 3950000 5150000
26 3440000 4640000
27 7190000 8390000
28 8080000 9280000
29 5620000 6820000
DEPOT_SECTION
1 
-1
EOF
