NAME : rc205.1
TYPE : TSPTW
DIMENSION : 23
EDGE_WEIGHT_TYPE : EXPLICIT
EDGE_WEIGHT_FORMAT : FULL_MATRIX
EDGE_WEIGHT_SECTION
0 335410 316228 380789 403112 451774 400500 450000 450444 250000 269258 424264 269258 206155 111803 196469 570088 192354 322025 382099 481664 205182 192354 
435410 100000 150000 150000 241421 553431 506079 524264 510365 258114 323607 250000 354950 453553 354950 522019 404138 372947 255562 211803 280278 260000 482753 
416228 150000 100000 170711 211803 587955 538634 560977 548219 280278 350000 300000 306155 464005 350000 482884 453553 384605 294165 261245 328035 267631 442053 
480789 150000 170711 100000 211803 592037 546542 560977 545982 306155 369258 258114 369258 503112 404138 553431 400000 422490 294165 230384 270294 310000 512310 
503112 241421 211803 211803 100000 694643 646717 665684 651725 391548 460555 369258 312132 574342 453553 524382 503112 495601 396985 341867 372947 378568 480132 
551774 553431 587955 592037 694643 100000 153852 140000 160000 414006 344131 471618 721772 350200 461386 746297 490000 369258 398329 472156 520595 449857 733482 
500500 506079 538634 546542 646717 153852 100000 153852 164030 362487 292094 435261 668243 302237 408058 694138 473363 315870 352389 431059 488330 396816 680516 
550000 524264 560977 560977 665684 140000 153852 100000 120000 391548 323607 435410 704152 354950 453553 741950 450000 361725 368700 438378 482753 431059 726498 
550444 510365 548219 545982 651725 160000 164030 120000 100000 381780 315407 417648 696154 359614 451283 740703 430000 360192 354950 422025 464005 423110 723939 
350000 258114 280278 306155 391548 414006 362487 391548 381780 100000 170711 280278 416228 300000 241421 502616 420155 220416 172111 243178 341867 150990 474833 
369258 323607 350000 369258 460555 344131 292094 323607 315407 170711 100000 306155 480789 258114 258114 542832 420155 192195 190554 280278 369258 207703 520119 
524264 250000 300000 258114 369258 471618 435261 435410 417648 280278 306155 100000 503112 464005 420155 650091 258114 391548 217047 144721 163246 319317 614782 
369258 354950 306155 369258 312132 721772 668243 704152 696154 416228 480789 503112 100000 524264 382843 319317 659017 464005 464966 461248 534166 373130 274642 
306155 453553 464005 503112 574342 350200 302237 354950 359614 300000 258114 464005 524264 100000 241421 502616 571699 180623 347386 435410 527200 296469 495601 
211803 354950 350000 404138 453553 461386 408058 453553 451283 241421 258114 420155 382843 241421 100000 390000 560977 192195 312603 380179 480132 202956 372947 
296469 522019 482884 553431 524382 746297 694138 741950 740703 502616 542832 650091 319317 502616 390000 100000 806824 480526 571275 605371 696825 451710 144721 
670087 404138 453553 400000 503112 490000 473363 450000 430000 420155 420155 258114 659017 571699 560977 806824 100000 512310 348395 302485 230384 466197 772309 
292354 372947 384605 422490 495601 369258 315870 361725 360192 220416 192195 391548 464005 180623 192195 480526 512310 100000 274642 359614 454683 217047 464966 
422025 255562 294165 294165 396985 398329 352389 368700 354950 172111 190554 217047 464966 347386 312603 571275 348395 274642 100000 190000 280278 220830 541475 
482099 211803 261245 230384 341867 472156 431059 438378 422025 243178 280278 144721 461248 435410 380179 605371 302485 359614 190000 100000 200000 278045 570106 
581664 280278 328035 270294 372947 520595 488330 482753 464005 341867 369258 163246 534166 527200 480132 696825 230384 454683 280278 200000 100000 378028 659464 
305183 260000 267631 310000 378568 449857 396816 431059 423110 150990 207703 319317 373130 296469 202956 451710 466197 217047 220830 278045 378028 100000 423883 
292354 482753 442053 512310 480132 733482 680516 726498 723939 474833 520119 614782 274642 495601 372947 144721 772309 464966 541475 570106 659464 423883 100000 
TIME_WINDOW_SECTION
1 0 9600000
2 4010000 4610000
3 5350000 6220000
4 6830000 7430000
5 6980000 8270000
6 3060000 4830000
7 1990000 4280000
8 450000 5250000
9 2310000 2910000
10 250000 5050000
11 3420000 5710000
12 420000 5220000
13 6230000 8840000
14 1910000 3100000
15 110000 1400000
16 7800000 9300000
17 570000 5370000
18 190000 4990000
19 3100000 5070000
20 3890000 4490000
21 5160000 6970000
22 3380000 3980000
23 8700000 9300000
DEPOT_SECTION
1 
-1
EOF
