NAME : rc204.2
TYPE : TSPTW
DIMENSION : 41
EDGE_WEIGHT_TYPE : EXPLICIT
EDGE_WEIGHT_FORMAT : FULL_MATRIX
EDGE_WEIGHT_SECTION
0 335410 380789 451774 400500 350570 450000 350000 450444 350570 452769 585235 570088 557136 522015 520000 502892 510784 514782 474342 450444 380526 353412 250000 269258 471699 424264 291548 390512 111803 360555 570088 429418 499800 192354 354683 322025 382099 524786 481664 205182 
435410 100000 150000 553431 506079 477359 524264 460555 510365 444093 490512 951468 950000 921523 900000 881601 880000 871622 856636 850000 538634 494081 720000 258114 323607 354950 250000 650000 670087 354950 280278 404138 650364 445398 372947 643415 255562 211803 744126 280278 260000 
480789 150000 100000 592037 546542 520595 560977 503112 545982 485876 524264 1001388 1000000 971436 950000 931505 930000 921523 906225 900000 576340 535660 770000 306155 369258 369258 258114 700000 718466 404138 312132 400000 696154 467151 422490 692284 294165 230384 788767 270294 310000 
551774 553431 592037 100000 153852 201980 140000 207703 160000 216619 190000 667979 691692 641202 649181 606063 632541 597393 556180 608035 120000 172801 510365 414006 344131 394278 471618 466197 358070 461386 383019 490000 274642 310950 369258 361725 398329 472156 330000 520595 449857 
500500 506079 546542 153852 100000 150000 153852 153852 164030 164030 186023 666480 686003 638516 641202 601597 623546 592443 555412 597393 150000 120000 490512 362487 292094 370000 435261 439706 350799 408058 341661 473363 281108 302485 315870 346982 352389 431059 354950 488330 396816 
450570 477359 520595 201980 150000 100000 201980 120000 207703 140000 222066 650818 666480 622015 620000 583839 601597 574342 541475 574236 200000 130000 460555 326716 256205 374591 423883 404795 335372 359614 325610 483275 282483 324722 267631 324722 328473 413209 369258 481181 356125 
550000 524264 560977 140000 153852 201980 100000 200000 120000 201980 150000 704152 726498 676975 683095 641202 666039 632353 592443 640833 120000 172801 538634 391548 323607 354950 435410 490512 391548 453553 350000 450000 311896 271172 361725 392062 368700 438378 370000 482753 431059 
450000 460555 503112 207703 153852 120000 200000 100000 201980 120000 211803 670087 685235 641202 638516 602892 620000 593356 560977 592443 201980 136056 477359 312132 241421 354950 404138 420155 354950 354950 306155 464005 302237 308087 262788 343516 310238 394109 387924 461248 344131 
550444 510365 545982 160000 164030 207703 120000 201980 100000 200000 130000 722415 744126 695063 700333 659017 683095 650091 610784 657584 140000 180623 553431 381780 315407 335372 417648 503609 408869 451283 334306 430000 330868 251327 360192 408058 354950 422025 390000 464005 423110 
450570 444093 485876 216619 164030 140000 201980 120000 200000 100000 204403 689406 704070 660446 657136 622015 638516 612445 580521 610784 207703 150000 494462 298494 228062 335372 384429 436006 374591 351794 286815 444819 322036 292094 260312 362487 292354 375136 406757 441321 333238 
552769 490512 524264 190000 186023 222066 150000 211803 130000 204403 100000 750000 770820 722415 726498 686003 709016 676975 638516 683095 170000 198995 576340 369258 306155 306155 391548 524264 435410 450000 312132 400000 359614 221655 360768 432865 336008 398329 420000 436155 413209 
685235 951468 1001388 667979 666480 650818 704152 670087 722415 689406 750000 100000 150000 130000 170711 170000 186023 180000 211803 211803 686003 659732 335372 800000 751920 924621 955862 404138 416228 708276 856636 1034077 493573 868960 680086 427567 842428 932166 475365 1017878 791809 
670087 950000 1000000 691692 686003 666480 726498 685235 744126 704070 770820 150000 100000 158310 150000 186023 170000 194340 241421 200000 709016 677754 330000 801783 757647 938153 963134 400000 435410 702080 864853 1048683 518807 887909 681378 441760 848131 937257 510365 1025743 790000 
657136 921523 971436 641202 638516 622015 676975 641202 695063 660446 722415 130000 158310 100000 153852 140000 164030 150000 186023 186023 659017 631413 306155 770000 722013 895550 926075 374591 387924 678705 826911 1005207 467151 840945 650091 398329 812531 902247 453553 988144 761891 
622015 900000 950000 649181 641202 620000 683095 638516 700333 657136 726498 170711 150000 153852 100000 153852 120000 158310 211803 150000 666039 632259 280000 751920 708276 890569 913940 350000 391548 652268 815891 1001388 478021 842496 631507 395466 798713 887718 478021 976641 740000 
620000 881601 931505 606063 601597 583839 641202 602892 659017 622015 686003 170000 186023 140000 153852 100000 150000 110000 158310 158310 623546 593964 267631 730000 682151 856902 886384 335372 350799 639351 787314 966832 432865 803847 610098 359614 772681 862365 426497 948528 722013 
602892 880000 930000 632541 623546 601597 666039 620000 683095 638516 709016 186023 170000 164030 120000 150000 100000 150990 204403 130000 649181 614296 260000 731981 688557 871622 894292 330000 374591 632353 796348 982553 462352 824500 611566 377308 778970 867919 466197 957030 720000 
610784 871622 921523 597393 592443 574342 632353 593356 650091 612445 676975 180000 194340 150000 158310 110000 150990 100000 153852 153852 614782 584665 258114 720000 672189 847261 876466 325610 341661 629528 777422 957263 424500 794621 600100 350000 762722 852396 420155 938630 712046 
614782 856636 906225 556180 555412 541475 592443 560977 610784 580521 638516 211803 241421 186023 211803 158310 204403 153852 100000 200000 574236 549222 264012 702080 650000 815891 851664 323607 306155 622015 751920 924621 381780 757875 583735 320906 740078 830068 369072 913019 698415 
574342 850000 900000 608035 597393 574236 640833 592443 657584 610784 683095 211803 200000 186023 150000 158310 130000 153852 200000 100000 624309 587647 230000 702080 659017 843303 864853 300000 350000 602494 767083 954400 439706 797711 581664 350598 749384 838240 449857 927647 690000 
550444 538634 576340 120000 150000 200000 120000 201980 140000 207703 170000 686003 709016 659017 666039 623546 649181 614782 574236 624309 100000 170000 524264 402324 333238 374591 453412 478021 374591 456931 366271 470000 293132 291050 364764 376586 383196 455106 350000 501622 440000 
480526 494081 535660 172801 120000 130000 172801 136056 180623 150000 198995 659732 677754 631413 632259 593964 614296 584665 549222 587647 170000 100000 478021 347588 276918 370740 429847 425269 343516 388616 334094 476563 280000 310238 296469 337065 341867 423110 359614 484708 380179 
453412 720000 770000 510365 490512 460555 538634 477359 553431 494462 576340 335372 330000 306155 280000 267631 260000 258114 264012 230000 524264 478021 100000 572652 531741 722415 737886 170000 265529 473363 641202 834098 359422 685235 452278 250000 621728 710000 404138 800927 560000 
350000 258114 306155 414006 362487 326716 391548 312132 381780 298494 369258 800000 801783 770000 751920 730000 731981 720000 702080 702080 402324 347588 572652 100000 170711 323607 280278 503112 512310 241421 211803 420155 493573 370740 220416 486394 172111 243178 588774 341867 150990 
369258 323607 369258 344131 292094 256205 323607 241421 315407 228062 306155 751920 757647 722013 708276 682151 688557 672189 650000 659017 333238 276918 531741 170711 100000 312132 306155 464005 453553 258114 211803 420155 426956 330868 192195 430606 190554 280278 520595 369258 207703 
571699 354950 369258 394278 370000 374591 354950 354950 335372 335372 306155 924621 938153 895550 890569 856902 871622 847261 815891 843303 374591 370740 722415 323607 312132 100000 211803 659017 609902 460555 211803 211803 550444 206301 404138 597293 252315 243178 622398 236015 373130 
524264 250000 258114 471618 435261 423883 435410 404138 417648 384429 391548 955862 963134 926075 913940 886384 894292 876466 851664 864853 453412 429847 737886 280278 306155 211803 100000 670087 650000 420155 200000 258114 606360 314009 391548 630848 217047 144721 689406 163246 319317 
391548 650000 700000 466197 439706 404795 490512 420155 503609 436006 524264 404138 400000 374591 350000 335372 330000 325610 323607 300000 478021 425269 170000 503112 464005 659017 670087 100000 250000 404138 574342 770820 335372 628015 382843 221655 553542 641295 400666 733246 490000 
490512 670087 718466 358070 350799 335372 391548 354950 408869 374591 435410 416228 435410 387924 391548 350799 374591 341661 306155 350000 374591 343516 265529 512310 453553 609902 650000 250000 100000 460555 550000 718466 194340 553100 400832 136056 541814 631507 251327 710328 517851 
211803 354950 404138 461386 408058 359614 453553 354950 451283 351794 450000 708276 702080 678705 652268 639351 632353 629528 622015 602494 456931 388616 473363 241421 258114 460555 420155 404138 460555 100000 350000 560977 475365 488973 192195 427567 312603 380179 574236 480132 202956 
460555 280278 312132 383019 341661 325610 350000 306155 334306 286815 312132 856636 864853 826911 815891 787314 796348 777422 751920 767083 366271 334094 641202 211803 211803 211803 200000 574342 550000 350000 100000 312132 507921 272627 302485 531045 141231 189443 593356 261245 261555 
670087 404138 400000 490000 473363 483275 450000 464005 430000 444819 400000 1034077 1048683 1005207 1001388 966832 982553 957263 924621 954400 470000 476563 834098 420155 420155 211803 258114 770820 718466 560977 312132 100000 654437 281108 512310 707289 348395 302485 720000 230384 466197 
529418 650364 696154 274642 281108 282483 311896 302237 330868 322036 359614 493573 518807 467151 478021 432865 462352 424500 381780 439706 293132 280000 359422 493573 426956 550444 606360 335372 194340 475365 507921 654437 100000 480789 398329 214018 508044 594773 198995 663205 510488 
599800 445398 467151 310950 302485 324722 271172 308087 251327 292094 221655 868960 887909 840945 842496 803847 824500 794621 757875 797711 291050 310238 685235 370740 330868 206301 314009 628015 553100 488973 272627 281108 480789 100000 413050 547214 310950 337065 540454 342074 421403 
292354 372947 422490 369258 315870 267631 361725 262788 360192 260312 360768 680086 681378 650091 631507 610098 611566 600100 583735 581664 364764 296469 452278 220416 192195 404138 391548 382843 400832 192195 302485 512310 398329 413050 100000 372029 274642 359614 496988 454683 217047 
454683 643415 692284 361725 346982 324722 392062 343516 408058 362487 432865 427567 441760 398329 395466 359614 377308 350000 320906 350598 376586 337065 250000 486394 430606 597293 630848 221655 136056 427567 531045 707289 214018 547214 372029 100000 520119 610098 284391 692115 488973 
422025 255562 294165 398329 352389 328473 368700 310238 354950 292354 336008 842428 848131 812531 798713 772681 778970 762722 740078 749384 383196 341867 621728 172111 190554 252315 217047 553542 541814 312603 141231 348395 508044 310950 274642 520119 100000 190000 597695 280278 220830 
482099 211803 230384 472156 431059 413209 438378 394109 422025 375136 398329 932166 937257 902247 887718 862365 867919 852396 830068 838240 455106 423110 710000 243178 280278 243178 144721 641295 631507 380179 189443 302485 594773 337065 359614 610098 190000 100000 681893 200000 278045 
624786 744126 788767 330000 354950 369258 370000 387924 390000 406757 420000 475365 510365 453553 478021 426497 466197 420155 369072 449857 350000 359614 404138 588774 520595 622398 689406 400666 251327 574236 593356 720000 198995 540454 496988 284391 597695 681893 100000 743273 608035 
581664 280278 270294 520595 488330 481181 482753 461248 464005 441321 436155 1017878 1025743 988144 976641 948528 957030 938630 913019 927647 501622 484708 800927 341867 369258 236015 163246 733246 710328 480132 261245 230384 663205 342074 454683 692115 280278 200000 743273 100000 378028 
305183 260000 310000 449857 396816 356125 431059 344131 423110 333238 413209 791809 790000 761891 740000 722013 720000 712046 698415 690000 440000 380179 560000 150990 207703 373130 319317 490000 517851 202956 261555 466197 510488 421403 217047 488973 220830 278045 608035 378028 100000 
TIME_WINDOW_SECTION
1 0 9600000
2 3710000 4910000
3 6530000 7730000
4 0 9040000
5 0 9090000
6 0 9140000
7 0 9050000
8 0 9150000
9 2010000 3210000
10 0 9140000
11 7840000 9040000
12 0 8910000
13 0 8920000
14 0 8940000
15 0 8970000
16 0 8980000
17 0 8990000
18 0 8980000
19 0 8980000
20 0 9020000
21 0 9040000
22 0 9110000
23 0 9140000
24 0 9250000
25 0 9230000
26 7820000 9020000
27 0 9070000
28 1670000 2870000
29 0 9100000
30 0 9380000
31 6450000 7650000
32 0 8920000
33 2680000 3880000
34 7640000 8840000
35 0 9300000
36 0 9140000
37 0 9170000
38 3590000 4790000
39 0 8970000
40 0 9010000
41 3080000 4280000
DEPOT_SECTION
1 
-1
EOF
