NAME : rc202.1
TYPE : TSPTW
DIMENSION : 23
EDGE_WEIGHT_TYPE : EXPLICIT
EDGE_WEIGHT_FORMAT : FULL_MATRIX
EDGE_WEIGHT_SECTION
0 308058 360555 333017 353553 390512 335261 323883 353553 392938 412310 372022 383275 200000 141421 111803 100000 392938 325575 384708 147648 178885 141421 
408058 100000 153852 140000 170000 186023 476962 431059 444819 503112 513401 164030 460555 350799 270000 473363 334306 350000 336008 274642 423883 271172 333452 
460555 153852 100000 153852 170711 150000 517612 470000 480789 538634 547214 120000 493573 400000 323607 527200 382843 369072 368328 284391 476563 323607 386356 
433017 140000 153852 100000 130000 158310 464005 416228 426956 484838 493573 150000 440000 350799 292094 489101 366271 319317 314709 238924 432415 280278 343516 
453553 170000 170711 130000 100000 150000 456931 408058 416228 473363 480789 158310 426956 354950 312132 503112 391548 298494 302485 214018 441760 292354 354950 
490512 186023 150000 158310 150000 100000 506079 456931 464005 520595 527200 130000 473363 404138 350000 547214 420155 338537 350000 250000 488973 337697 400832 
435261 476962 517612 464005 456931 506079 100000 150000 158310 160000 180000 512310 178102 256205 397321 370000 477359 308806 260000 380713 292354 340832 316333 
423883 431059 470000 416228 408058 456931 150000 100000 130000 178102 194340 464005 160000 230000 366271 374591 453412 261555 210000 330868 291050 306155 293132 
453553 444819 480789 426956 416228 464005 158310 130000 100000 158310 170711 473363 130000 258114 391548 404138 480789 252971 214018 330217 320906 330217 321359 
492938 503112 538634 484838 473363 520595 160000 178102 158310 100000 120000 530813 150000 305913 444093 430000 529418 300000 270880 382843 351794 384253 368328 
512310 513401 547214 493573 480789 527200 180000 194340 170711 120000 100000 538634 153852 323607 460555 450000 547214 300998 278885 386356 371662 400000 386356 
472022 164030 120000 150000 158310 130000 512310 464005 473363 530813 538634 100000 484838 400666 333238 534626 397321 356125 360000 269706 480789 328035 391204 
483275 460555 493573 440000 426956 473363 178102 160000 130000 150000 153852 484838 100000 286815 417648 433765 508534 250000 225300 333452 350799 355539 350000 
300000 350799 400000 350799 354950 404138 256205 230000 258114 305913 323607 400666 286815 100000 241421 280278 323607 305913 234164 328035 198995 189443 163246 
241421 270000 323607 292094 312132 350000 397321 366271 391548 444093 460555 333238 417648 241421 100000 306155 200000 380000 323607 352982 272627 163246 189443 
211803 473363 527200 489101 503112 547214 370000 374591 404138 430000 450000 534626 433765 280278 306155 100000 306155 485876 413847 503112 185440 310950 250000 
200000 334306 382843 366271 391548 420155 477359 453412 480789 529418 547214 397321 508534 323607 200000 306155 100000 480000 422490 449285 314009 261245 261245 
492938 350000 369072 319317 298494 338537 308806 261555 252971 300000 300998 356125 250000 305913 380000 485876 480000 100000 172111 189443 402324 320906 352982 
425575 336008 368328 314709 302485 350000 260000 210000 214018 270880 278885 360000 225300 234164 323607 413847 422490 172111 100000 221655 330217 261245 284391 
484708 274642 284391 238924 214018 250000 380713 330868 330217 382843 386356 269706 333452 328035 352982 503112 449285 189443 221655 100000 426497 305913 356125 
247647 423883 476563 432415 441760 488973 292354 291050 320906 351794 371662 480789 350799 198995 272627 185440 314009 402324 330217 426497 100000 252971 190554 
278885 271172 323607 280278 292354 337697 340832 306155 330217 384253 400000 328035 355539 189443 163246 310950 261245 320906 261245 305913 252971 100000 163246 
241421 333452 386356 343516 354950 400832 316333 293132 321359 368328 386356 391204 350000 163246 189443 250000 261245 352982 284391 356125 190554 163246 100000 
TIME_WINDOW_SECTION
1 0 9600000
2 0 9190000
3 6440000 7640000
4 3880000 5080000
5 0 9140000
6 3670000 4870000
7 1950000 3150000
8 0 9170000
9 350000 1550000
10 1740000 2940000
11 2550000 3750000
12 4890000 6090000
13 1050000 2250000
14 3750000 4950000
15 5990000 7190000
16 110000 1310000
17 6120000 7320000
18 2860000 4060000
19 3650000 4850000
20 3520000 4720000
21 0 9350000
22 2600000 3800000
23 0 9350000
DEPOT_SECTION
1 
-1
EOF
