NAME : rc207.1
TYPE : TSPTW
DIMENSION : 34
EDGE_WEIGHT_TYPE : EXPLICIT
EDGE_WEIGHT_FORMAT : FULL_MATRIX
EDGE_WEIGHT_SECTION
0 308058 403112 350570 452769 585235 570088 510784 514782 474342 372022 403112 335410 353412 377359 450444 353412 180278 158114 291548 130384 254951 274591 76158 120416 270185 354683 178885 524786 42426 120416 147648 210950 171172 
408058 100000 201980 720967 811969 957555 932406 890569 904301 846257 503112 492938 433765 437343 172801 828011 740311 588262 350799 687282 524853 574236 522019 475365 419061 678014 762193 271172 932166 417648 526380 545533 552769 542041 
503112 201980 100000 822772 913940 1030054 1001388 966832 984590 920061 522966 500000 453553 451283 130000 929699 821388 683095 420155 772681 623927 640833 574236 566154 496232 771193 854520 372947 1027847 516293 618652 634135 626308 623259 
450570 720967 822772 100000 204403 689406 704070 612445 580521 610784 792892 833757 771863 791231 793758 207703 494462 333238 604876 436006 322036 582597 659017 432415 543847 336008 362487 552217 406757 420155 391548 417648 535660 480789 
552769 811969 913940 204403 100000 750000 770820 676975 638516 683095 897120 938153 876209 895550 884474 170000 576340 435410 708276 524264 425575 683095 762118 536807 648179 425575 432865 641295 420000 520476 495601 520476 637122 583011 
685235 957555 1030054 689406 750000 100000 150000 180000 211803 211803 699083 751920 740311 756048 1012634 686003 335372 552769 710328 404138 644518 490512 574236 609215 638516 480132 427567 863217 475365 704401 575395 539659 504969 520476 
670087 932406 1001388 704070 770820 150000 100000 194340 241421 200000 658032 710328 702080 717171 985099 709016 330000 550000 683095 400000 640370 460555 538634 594773 614296 484708 441760 846324 510365 692284 565296 527551 480132 501622 
610784 890569 966832 612445 676975 180000 194340 100000 153852 153852 659017 712699 693632 710574 948116 614782 258114 473363 646717 325610 565296 433017 524382 534626 572017 400167 350000 789420 420155 628110 498497 464005 440588 449857 
614782 904301 984590 580521 638516 211803 241421 153852 100000 200000 696154 750000 726498 744126 964523 574236 264012 464005 665684 323607 556070 460555 556508 539090 588365 382843 320906 793542 369072 628015 498121 467151 461248 462352 
574342 846257 920061 610784 683095 211803 200000 153852 200000 100000 605371 659017 640833 657584 902121 624309 230000 450000 600000 300000 540454 382843 472022 498497 527200 386356 350598 751920 449857 594773 466741 429847 394109 408707 
472022 503112 522966 792892 897120 699083 658032 659017 696154 605371 100000 153852 170000 172801 520476 876209 560977 565725 326716 550999 578539 351794 250333 462491 355539 612445 670087 539090 851664 514005 501622 480789 380179 423883 
503112 492938 500000 833757 938153 751920 710328 712699 750000 659017 153852 100000 170711 158310 501123 920000 614198 609902 350000 602494 616236 404138 302237 501622 391548 660803 720725 550000 903057 544185 543847 525793 430151 471214 
435410 433765 453553 771863 876209 740311 702080 693632 726498 640833 170000 170711 100000 120000 450570 861183 581041 552769 280278 560977 552217 369258 270000 439558 328035 610392 675587 480132 859539 475899 484708 470540 386356 420624 
453412 437343 451283 791231 895550 756048 717171 710574 744126 657584 172801 158310 120000 100000 450000 880897 599800 572652 297231 580521 571275 387924 287883 459026 347386 630377 695399 492046 879294 493573 504474 490512 405941 440588 
477359 172801 130000 793758 884474 1012634 985099 948116 964523 902121 520476 501123 450570 450000 100000 900812 800927 657584 402324 750692 596588 624786 562385 542041 476431 746375 830068 343311 1002109 489101 594065 610882 608035 602494 
550444 828011 929699 207703 170000 686003 709016 614782 574236 624309 876209 920000 861183 880897 900812 100000 524264 410483 700750 478021 420155 650364 735689 522966 634603 383019 376586 659732 350000 522966 476563 495601 606952 555412 
453412 740311 821388 494462 576340 335372 330000 258114 264012 230000 560977 614198 581041 599800 800927 524264 100000 320000 503609 170000 410644 311896 413209 377308 425269 261555 250000 632259 404138 470000 340416 306155 302485 298494 
280278 588262 683095 333238 435410 552769 550000 473363 464005 450000 565725 609902 552769 572652 657584 410483 320000 100000 404138 250000 192195 350000 426956 223693 330217 192195 276918 447131 444819 276918 170711 185440 302485 247647 
258114 350799 420155 604876 708276 710328 683095 646717 665684 600000 326716 350000 280278 297231 402324 700750 503609 404138 100000 460555 382843 323607 280000 281108 180623 479473 556946 321359 739061 296977 333452 334094 306155 308087 
391548 687282 772681 436006 524264 404138 400000 325610 323607 300000 550999 602494 560977 580521 750692 478021 170000 250000 460555 100000 340832 300000 400666 316333 380179 200000 221655 570106 400666 404631 274642 244222 274642 252643 
230384 524853 623927 322036 425575 644518 640370 565296 556070 540454 578539 616236 552217 571275 596588 420155 410644 192195 382843 340832 100000 400000 456090 216619 324722 278885 360768 370185 512310 207703 194340 234164 350000 294165 
354950 574236 640833 582597 683095 490512 460555 433017 460555 382843 351794 404138 369258 387924 624786 650364 311896 350000 323607 300000 400000 100000 201980 296977 262788 372029 420624 511096 600400 391204 306155 269706 150000 206301 
374591 522019 574236 659017 762118 574236 538634 524382 556508 472022 250333 302237 270000 287883 562385 735689 413209 426956 280000 400666 456090 201980 100000 340832 256525 464966 520000 496232 701332 416228 369258 341661 231529 280278 
176158 475365 566154 432415 536807 609215 594773 534626 539090 498497 462491 501622 439558 459026 542041 522966 377308 223693 281108 316333 216619 296977 340832 100000 211803 305913 388444 354950 565188 200000 153852 172111 248661 200499 
220416 419061 496232 543847 648179 638516 614296 572017 588365 527200 355539 391548 328035 347386 476431 634603 425269 330217 180623 380179 324722 262788 256525 211803 100000 400832 476962 350000 659732 262788 260000 255242 234164 228062 
370185 678014 771193 336008 425575 480132 484708 400167 382843 386356 612445 660803 610392 630377 746375 383019 261555 192195 479473 200000 278885 372029 464966 305913 400832 100000 184853 539318 360000 369072 252643 245602 333452 290000 
454683 762193 854520 362487 432865 427567 441760 350000 320906 350598 670087 720725 675587 695399 830068 376586 250000 276918 556946 221655 360768 420624 520000 388444 476962 184853 100000 624023 284391 453835 336008 323607 390689 357099 
278885 271172 372947 552217 641295 863217 846324 789420 793542 751920 539090 550000 480132 492046 343311 659732 632259 447131 321359 570106 370185 511096 496232 354950 350000 539318 624023 100000 782494 270294 396816 426497 474833 444819 
624786 932166 1027847 406757 420000 475365 510365 420155 369072 449857 851664 903057 859539 879294 1002109 350000 404138 444819 739061 400666 512310 600400 701332 565188 659732 360000 284391 782494 100000 616140 511461 504969 573814 541475 
142426 417648 516293 420155 520476 704401 692284 628110 628015 594773 514005 544185 475899 493573 489101 522966 470000 276918 296977 404631 207703 391204 416228 200000 262788 369072 453835 270294 616140 100000 230000 264924 345153 300250 
220416 526380 618652 391548 495601 575395 565296 498497 498121 466741 501622 543847 484708 504474 594065 476563 340416 170711 333452 274642 194340 306155 369258 153852 260000 252643 336008 396816 511461 230000 100000 141231 256205 200000 
247647 545533 634135 417648 520476 539659 527551 464005 467151 429847 480789 525793 470540 490512 610882 495601 306155 185440 334094 244222 234164 269706 341661 172111 255242 245602 323607 426497 504969 264924 141231 100000 220416 164030 
310950 552769 626308 535660 637122 504969 480132 440588 461248 394109 380179 430151 386356 405941 608035 606952 302485 302485 306155 274642 350000 150000 231529 248661 234164 333452 390689 474833 573814 345153 256205 220416 100000 156569 
271172 542041 623259 480789 583011 520476 501622 449857 462352 408707 423883 471214 420624 440588 602494 555412 298494 247647 308087 252643 294165 206301 280278 200499 228062 290000 357099 444819 541475 300250 200000 164030 156569 100000 
TIME_WINDOW_SECTION
1 0 9600000
2 730000 3500000
3 400000 3900000
4 5980000 8830000
5 3480000 9040000
6 5090000 6680000
7 570000 6640000
8 5640000 7970000
9 510000 6730000
10 4620000 6310000
11 1310000 5440000
12 2330000 5440000
13 330000 6240000
14 620000 4910000
15 370000 6770000
16 6360000 9040000
17 4710000 6620000
18 4040000 8290000
19 2300000 4050000
20 290000 5870000
21 4230000 8280000
22 2010000 4000000
23 270000 3820000
24 4260000 9420000
25 3690000 4600000
26 3040000 6050000
27 3180000 4890000
28 1000000 5390000
29 5650000 8970000
30 3240000 5130000
31 6510000 9060000
32 140000 6690000
33 2980000 9280000
34 3850000 5180000
DEPOT_SECTION
1 
-1
EOF
