NAME : rc203.2
TYPE : TSPTW
DIMENSION : 29
EDGE_WEIGHT_TYPE : EXPLICIT
EDGE_WEIGHT_FORMAT : FULL_MATRIX
EDGE_WEIGHT_SECTION
0 380789 393573 403112 335410 316228 380789 412310 403112 430116 360555 335410 353412 377359 383275 250000 200000 269258 158114 92194 196469 392938 325575 384708 382099 178885 141421 205182 192354 
480789 100000 130000 150000 622015 574342 638516 614782 571699 500000 453553 404138 401496 158310 561411 650000 453553 369258 382843 435410 288680 439706 436155 354950 723699 370185 430151 600100 289737 
493573 130000 100000 120000 614198 565725 628110 600899 556508 530000 483275 433765 431361 136056 547214 650818 450570 359614 404795 442053 306155 420155 422025 333452 718142 370740 432415 601597 301246 
503112 150000 120000 100000 609902 560977 622015 592443 547214 550000 503112 453553 451283 130000 538634 652268 450000 354950 420155 447851 319317 408058 413847 320227 715224 372947 435410 603587 310950 
435410 622015 614198 609902 100000 150000 150000 211803 241421 843303 772681 736396 750692 580521 228062 258114 280278 354950 560977 370185 522019 362487 310950 432415 211803 369258 333452 260000 482753 
416228 574342 565725 560977 150000 100000 170711 200000 211803 810634 740311 702080 715549 531741 194340 280278 241421 306155 530116 341867 482884 315407 261245 382843 261245 328035 300000 267631 442053 
480789 638516 628110 622015 150000 170711 100000 170711 211803 881025 810634 772681 786222 593356 204403 306155 312132 369258 600000 410644 553431 351794 312132 430151 230384 398329 370185 310000 512310 
512310 614782 600899 592443 211803 200000 170711 100000 150000 890569 821110 780074 792026 565188 153852 369258 323607 350000 614782 432415 554533 300998 278885 386356 300000 400000 386356 364764 511096 
503112 571699 556508 547214 241421 211803 211803 150000 100000 863217 794621 751920 762873 520595 120000 391548 306155 312132 592443 417805 524382 251327 236015 337697 341867 372947 369258 378568 480132 
530116 500000 530000 550000 843303 810634 881025 890569 863217 100000 170711 211803 204403 550999 846257 780074 670087 659017 382843 573814 440000 777791 739531 714003 908084 590918 610882 734114 484708 
460555 453553 483275 503112 772681 740311 810634 821110 794621 170711 100000 150000 153852 500500 777422 710328 600000 592443 312132 503112 373130 713514 672713 653173 837564 521900 540454 664004 417805 
435410 404138 433765 453553 736396 702080 772681 780074 751920 211803 150000 100000 120000 450570 735138 683095 560977 547214 280278 468782 328254 666480 627731 604480 806045 480132 503112 635350 372947 
453412 401496 431361 451283 750692 715549 786222 792026 762873 204403 153852 120000 100000 450000 746375 700333 574236 556508 297231 484187 338537 673847 637122 609608 822011 492046 517253 652268 383019 
477359 158310 136056 130000 580521 531741 593356 565188 520595 550999 500500 450570 450000 100000 511461 622398 420000 325610 402324 419530 298494 384253 386356 297990 685491 343311 405941 573814 286011 
483275 561411 547214 538634 228062 194340 204403 153852 120000 846257 777422 735138 746375 511461 100000 374591 286815 298494 574236 398329 508044 250000 225300 333452 332594 355539 350000 360000 464005 
350000 650000 650818 652268 258114 280278 306155 369258 391548 780074 710328 683095 700333 622398 374591 100000 306155 416228 503112 328035 502616 478021 410644 524853 243178 380179 320227 150990 474833 
300000 453553 450570 450000 280278 241421 312132 323607 306155 670087 600000 560977 574236 420000 286815 306155 100000 211803 391548 211803 342074 305913 234164 328035 372029 189443 163246 261555 302485 
369258 369258 359614 354950 354950 306155 369258 350000 312132 659017 592443 547214 556508 325610 298494 416228 211803 100000 404138 278885 319317 230000 180623 220416 461248 192195 236015 373130 274642 
258114 382843 404795 420155 560977 530116 600000 614782 592443 382843 312132 280278 297231 402324 574236 503112 391548 404138 100000 291050 207703 532897 480789 491152 626308 321359 330217 455106 241421 
192195 435410 442053 447851 370185 341867 410644 432415 417805 573814 503112 468782 484187 419530 398329 328035 211803 278885 291050 100000 274642 400832 333452 396816 438378 192195 150000 277200 250000 
296469 288680 306155 319317 522019 482884 553431 554533 524382 440000 373130 328254 338537 298494 508044 502616 342074 319317 207703 274642 100000 442053 399666 390172 605371 255562 292354 451710 144721 
492938 439706 420155 408058 362487 315407 351794 300998 251327 777791 713514 666480 673847 384253 250000 478021 305913 230000 532897 400832 442053 100000 172111 189443 473630 320906 352982 446554 398329 
425575 436155 422025 413847 310950 261245 312132 278885 236015 739531 672713 627731 637122 386356 225300 410644 234164 180623 480789 333452 399666 172111 100000 221655 422490 261245 284391 376586 354950 
484708 354950 333452 320227 432415 382843 430151 386356 337697 714003 653173 604480 609608 297990 333452 524853 328035 220416 491152 396816 390172 189443 221655 100000 544072 305913 356125 485876 350200 
482099 723699 718142 715224 211803 261245 230384 300000 341867 908084 837564 806045 822011 685491 332594 243178 372029 461248 626308 438378 605371 473630 422490 544072 100000 460555 413050 278045 570106 
278885 370185 370740 372947 369258 328035 398329 400000 372947 590918 521900 480132 492046 343311 355539 380179 189443 192195 321359 192195 255562 320906 261245 305913 460555 100000 163246 330868 214018 
241421 430151 432415 435410 333452 300000 370185 386356 369258 610882 540454 503112 517253 405941 350000 320227 163246 236015 330217 150000 292354 352982 284391 356125 413050 163246 100000 270000 258114 
305183 600100 601597 603587 260000 267631 310000 364764 378568 734114 664004 635350 652268 573814 360000 150990 261555 373130 455106 277200 451710 446554 376586 485876 278045 330868 270000 100000 423883 
292354 289737 301246 310950 482753 442053 512310 511096 480132 484708 417805 372947 383019 286011 464005 474833 302485 274642 241421 250000 144721 398329 354950 350200 570106 214018 258114 423883 100000 
TIME_WINDOW_SECTION
1 0 9600000
2 0 9110000
3 0 9100000
4 0 9090000
5 3710000 4910000
6 5190000 6390000
7 6530000 7730000
8 0 9080000
9 7030000 8230000
10 430000 1630000
11 640000 1840000
12 330000 1530000
13 2170000 3370000
14 370000 1570000
15 0 9110000
16 0 9250000
17 3750000 4950000
18 0 9230000
19 0 9340000
20 1570000 2770000
21 8100000 9300000
22 0 9100000
23 3650000 4850000
24 3520000 4720000
25 3590000 4790000
26 2600000 3800000
27 0 9350000
28 3080000 4280000
29 8100000 9300000
DEPOT_SECTION
1 
-1
EOF
