NAME : rc203.1
TYPE : TSPTW
DIMENSION : 38
EDGE_WEIGHT_TYPE : EXPLICIT
EDGE_WEIGHT_FORMAT : FULL_MATRIX
EDGE_WEIGHT_SECTION
0 308058 360555 333017 353553 390512 585235 570088 557136 522015 520000 502892 510784 514782 474342 442041 406079 372022 403112 308058 380789 372022 353412 180278 141421 291548 252982 100000 254951 274591 76158 120416 120416 147648 210950 171172 206155 155242 
408058 100000 153852 140000 170000 186023 957555 932406 932166 888923 898812 871751 890569 904301 846257 560977 535660 503112 492938 460000 444819 164030 740311 462491 270000 687282 634135 334306 574236 522019 475365 419061 526380 545533 552769 542041 609902 491152 
460555 153852 100000 153852 170711 150000 1001388 974643 976584 932166 944038 915414 936001 951468 890569 572652 550444 520000 503112 483275 453553 120000 787677 503112 323607 736396 681378 382843 614782 555412 526380 464005 578017 595782 596488 589183 660803 536005 
433017 140000 153852 100000 130000 158310 991852 967698 966083 923650 932166 906225 923772 936001 880320 600100 575184 542832 531741 500000 483275 150000 772012 499249 292094 717171 666127 366271 610784 560977 503112 453553 552769 574236 587647 574342 637401 525441 
453553 170000 170711 130000 100000 150000 1017878 994427 991852 950000 957555 932406 949058 960233 906225 629528 604876 572652 560977 530000 512310 158310 796348 527200 312132 740311 690762 391548 638516 590306 525206 480132 573814 596790 614296 599300 659017 551774 
490512 186023 150000 158310 150000 100000 1043398 1017878 1018096 974643 984816 957555 976584 990225 932166 622398 600400 570000 552769 532897 503112 130000 826223 547214 350000 772681 720081 420155 659017 602892 559674 504969 609902 630377 638516 628015 694138 577074 
685235 957555 1001388 991852 1017878 1043398 100000 150000 130000 170711 170000 186023 180000 211803 211803 717171 700333 699083 751920 682580 780074 1018096 335372 600000 815891 404138 432415 726498 490512 574236 609215 638516 575395 539659 504969 520476 496232 566476 
670087 932406 974643 967698 994427 1017878 150000 100000 158310 150000 186023 170000 194340 241421 200000 673062 657584 658032 710328 644885 740311 991852 330000 571699 796419 400000 417805 704152 460555 538634 594773 614296 565296 527551 480132 501622 490512 542832 
657136 932166 976584 966083 991852 1018096 130000 158310 100000 153852 140000 164030 150000 186023 186023 704152 685918 683095 736318 664004 762873 993085 306155 576340 788767 374591 404631 700333 467967 554533 581041 613128 546430 511096 480132 493573 466741 541022 
622015 888923 932166 923650 950000 974643 170711 150000 153852 100000 153852 120000 158310 211803 150000 650364 632353 630000 683095 612250 710328 949058 280000 530116 750000 350000 369258 659017 420155 503609 546430 570106 515933 478550 436155 454683 440588 498246 
620000 898812 944038 932166 957555 984816 170000 186023 140000 153852 100000 150000 110000 158310 158310 688727 668595 663560 717171 640833 741405 960233 267631 545982 752993 335372 368328 666039 439706 530116 543847 580104 508044 473363 448280 458469 427567 508044 
602892 871751 915414 906225 932406 957555 186023 170000 164030 120000 150000 100000 150990 204403 130000 642310 623259 619711 673062 600000 699083 932166 260000 514005 731585 330000 350000 641202 404795 490512 527200 552769 496232 459026 419061 436155 420624 480789 
610784 890569 936001 923772 949058 976584 180000 194340 150000 158310 110000 150990 100000 153852 153852 685235 664624 659017 712699 635350 736318 952115 258114 538634 744126 325610 359422 657584 433017 524382 534626 572017 498497 464005 440588 449857 417805 500000 
614782 904301 951468 936001 960233 990225 211803 241421 186023 211803 158310 204403 153852 100000 200000 726418 704070 696154 750000 668243 770820 966832 264012 560977 751920 323607 370185 670087 460555 556508 539090 588365 498121 467151 461248 462352 413847 517253 
574342 846257 890569 880320 906225 932166 211803 200000 186023 150000 158310 130000 153852 200000 100000 631413 610784 605371 659017 582597 683095 907093 230000 490512 704152 300000 321359 614782 382843 472022 498497 527200 466741 429847 394109 408707 390689 455106 
542041 560977 572652 600100 629528 622398 717171 673062 704152 650364 688727 642310 685235 726418 631413 100000 136056 170711 170000 234536 220000 592544 602494 377308 546542 600400 531045 467967 400666 303961 529418 424500 566154 542719 435410 483275 592443 432415 
506079 535660 550444 575184 604876 600400 700333 657584 685918 632353 668595 623259 664624 704070 610784 136056 100000 136056 158310 198995 204403 570425 575184 341661 513401 570000 500125 433017 370000 271172 493573 388444 530813 508044 402655 449285 558912 397321 
472022 503112 520000 542832 572652 570000 699083 658032 683095 630000 663560 619711 659017 696154 605371 170711 136056 100000 153852 164030 186023 540000 560977 311896 477359 550999 480526 397321 351794 250333 462491 355539 501622 480789 380179 423883 534166 369258 
503112 492938 503112 531741 560977 552769 751920 710328 736318 683095 717171 673062 712699 750000 659017 170000 158310 153852 100000 201980 150000 522966 614198 354950 490512 602494 531856 420155 404138 302237 501622 391548 543847 525793 430151 471214 581664 414006 
408058 460000 483275 500000 530000 532897 682580 644885 664004 612250 640833 600000 635350 668243 582597 234536 198995 164030 201980 100000 204403 503112 523792 252971 417648 506079 435410 334306 311896 211803 400832 292354 442053 423883 331948 370185 480526 312132 
480789 444819 453553 483275 512310 503112 780074 740311 762873 710328 741405 699083 736318 770820 683095 220000 204403 186023 150000 204403 100000 473363 628110 350000 453553 609902 539318 391548 416228 315407 488330 376586 534166 520476 435410 470540 580104 410000 
472022 164030 120000 150000 158310 130000 1018096 991852 993085 949058 960233 932166 952115 966832 907093 592544 570425 540000 522966 503112 473363 100000 802922 520595 333238 750692 696657 397321 632353 574342 539318 480132 590408 609313 613128 604480 673847 552217 
453412 740311 787677 772012 796348 826223 335372 330000 306155 280000 267631 260000 258114 264012 230000 602494 575184 560977 614198 523792 628110 802922 100000 402324 588774 170000 206301 506079 311896 413209 377308 425269 340416 306155 302485 298494 261245 354950 
280278 462491 503112 499249 527200 547214 600000 571699 576340 530116 545982 514005 538634 560977 490512 377308 341661 311896 354950 252971 350000 520595 402324 100000 350000 369258 301246 250000 211803 194340 252643 163246 289737 271172 200000 221655 330217 160000 
241421 270000 323607 292094 312132 350000 815891 796419 788767 750000 752993 731585 744126 751920 704152 546542 513401 477359 490512 417648 453553 333238 588774 350000 100000 530116 484708 200000 453553 433765 314009 291050 361725 386007 420155 395466 447131 357099 
391548 687282 736396 717171 740311 772681 404138 400000 374591 350000 335372 330000 325610 323607 300000 600400 570000 550999 602494 506079 609902 750692 170000 369258 530116 100000 170711 453553 300000 400666 316333 380179 274642 244222 274642 252643 192195 314709 
352982 634135 681378 666127 690762 720081 432415 417805 404631 369258 368328 350000 359422 370185 321359 531045 500125 480526 531856 435410 539318 696657 206301 301246 484708 170711 100000 400000 230384 330217 277200 319317 250000 210454 204403 192195 194340 250000 
200000 334306 382843 366271 391548 420155 726498 704152 700333 659017 666039 641202 657584 670087 614782 467967 433017 397321 420155 334306 391548 397321 506079 250000 200000 453553 400000 100000 354950 335372 247647 192195 301246 314009 324722 308087 380179 261555 
354950 574236 614782 610784 638516 659017 490512 460555 467967 420155 439706 404795 433017 460555 382843 400666 370000 351794 404138 311896 416228 632353 311896 211803 453553 300000 230384 354950 100000 201980 296977 262788 306155 269706 150000 206301 301246 200499 
374591 522019 555412 560977 590306 602892 574236 538634 554533 503609 530116 490512 524382 556508 472022 303961 271172 250333 302237 211803 315407 574342 413209 194340 433765 400666 330217 335372 201980 100000 340832 256525 369258 341661 231529 280278 388616 236015 
176158 475365 526380 503112 525206 559674 609215 594773 581041 546430 543847 527200 534626 539090 498497 529418 493573 462491 501622 400832 488330 539318 377308 252643 314009 316333 277200 247647 296977 340832 100000 211803 153852 172111 248661 200499 234536 206301 
220416 419061 464005 453553 480132 504969 638516 614296 613128 570106 580104 552769 572017 588365 527200 424500 388444 355539 391548 292354 376586 480132 425269 163246 291050 380179 319317 192195 262788 256525 211803 100000 260000 255242 234164 228062 321359 172111 
220416 526380 578017 552769 573814 609902 575395 565296 546430 515933 508044 496232 498497 498121 466741 566154 530813 501622 543847 442053 534166 590408 340416 289737 361725 274642 250000 301246 306155 369258 153852 260000 100000 141231 256205 200000 186023 234164 
247647 545533 595782 574236 596790 630377 539659 527551 511096 478550 473363 459026 464005 467151 429847 542719 508044 480789 525793 423883 520476 609313 306155 271172 386007 244222 210454 314009 269706 341661 172111 255242 141231 100000 220416 164030 167082 211803 
310950 552769 596488 587647 614296 638516 504969 480132 480132 436155 448280 419061 440588 461248 394109 435410 402655 380179 430151 331948 435410 613128 302485 200000 420155 274642 204403 324722 150000 231529 248661 234164 256205 220416 100000 156569 258114 163246 
271172 542041 589183 574342 599300 628015 520476 501622 493573 454683 458469 436155 449857 462352 408707 483275 449285 423883 471214 370185 470540 604480 298494 221655 395466 252643 192195 308087 206301 280278 200499 228062 200000 164030 156569 100000 210454 163246 
306155 609902 660803 637401 659017 694138 496232 490512 466741 440588 427567 420624 417805 413847 390689 592443 558912 534166 581664 480526 580104 673847 261245 330217 447131 192195 194340 380179 301246 388616 234536 321359 186023 167082 258114 210454 100000 270294 
255242 491152 536005 525441 551774 577074 566476 542832 541022 498246 508044 480789 500000 517253 455106 432415 397321 369258 414006 312132 410000 552217 354950 160000 357099 314709 250000 261555 200499 236015 206301 172111 234164 211803 163246 163246 270294 100000 
TIME_WINDOW_SECTION
1 0 9600000
2 0 9190000
3 6440000 7640000
4 3880000 5080000
5 0 9140000
6 3670000 4870000
7 0 8910000
8 1460000 2660000
9 0 8940000
10 0 8970000
11 2460000 3660000
12 0 8990000
13 0 8980000
14 800000 2000000
15 0 9020000
16 6570000 7770000
17 0 9090000
18 2780000 3980000
19 3290000 4490000
20 3760000 4960000
21 0 9110000
22 0 9120000
23 0 9140000
24 0 9310000
25 5990000 7190000
26 1670000 2870000
27 2680000 3880000
28 6120000 7320000
29 0 9240000
30 0 9220000
31 8220000 9420000
32 0 9370000
33 0 9370000
34 140000 1340000
35 8080000 9280000
36 0 9320000
37 0 9290000
38 0 9340000
DEPOT_SECTION
1 
-1
EOF
