NAME : rc202.3
TYPE : TSPTW
DIMENSION : 27
EDGE_WEIGHT_TYPE : EXPLICIT
EDGE_WEIGHT_FORMAT : FULL_MATRIX
EDGE_WEIGHT_SECTION
0 451774 400500 350570 450000 350000 450444 350570 452769 510784 474342 450444 380526 353412 335410 250000 180278 471699 206155 130384 92194 570088 429418 499800 192354 270185 524786 
551774 100000 153852 201980 140000 207703 160000 216619 190000 597393 608035 120000 172801 510365 286011 414006 405941 394278 350200 421403 587647 490000 274642 310950 369258 372947 330000 
500500 153852 100000 150000 153852 153852 164030 164030 186023 592443 597393 150000 120000 490512 264012 362487 362487 370000 302237 370185 534166 473363 281108 302485 315870 342074 354950 
450570 201980 150000 100000 201980 120000 207703 140000 222066 574342 574236 200000 130000 460555 239284 326716 315407 374591 252971 320227 486004 483275 282483 324722 267631 305183 369258 
550000 140000 153852 201980 100000 200000 120000 201980 150000 632353 640833 120000 172801 538634 312132 391548 416228 354950 354950 420155 578539 450000 311896 271172 361725 394109 370000 
450000 207703 153852 120000 200000 100000 201980 120000 211803 593356 592443 201980 136056 477359 258114 312132 323607 354950 258114 320227 480789 464005 302237 308087 262788 320227 387924 
550444 160000 164030 207703 120000 201980 100000 200000 130000 650091 657584 140000 180623 553431 326716 381780 423110 335372 359614 421403 575184 430000 330868 251327 360192 406105 390000 
450570 216619 164030 140000 201980 120000 200000 100000 204403 612445 610784 207703 150000 494462 277200 298494 333238 335372 265529 322036 476563 444819 322036 292094 260312 336008 406757 
552769 190000 186023 222066 150000 211803 130000 204403 100000 676975 683095 170000 198995 576340 350000 369258 435410 306155 369258 425575 571699 400000 359614 221655 360768 425575 420000 
610784 597393 592443 574342 632353 593356 650091 612445 676975 100000 153852 614782 584665 258114 435261 720000 473363 847261 520000 565296 701664 957263 424500 794621 600100 400167 420155 
574342 608035 597393 574236 640833 592443 657584 610784 683095 153852 100000 624309 587647 230000 435410 702080 450000 843303 503112 540454 666127 954400 439706 797711 581664 386356 449857 
550444 120000 150000 200000 120000 201980 140000 207703 170000 614782 624309 100000 170000 524264 298494 402324 410483 374591 351794 420155 582701 470000 293132 291050 364764 383019 350000 
480526 172801 120000 130000 172801 136056 180623 150000 198995 584665 587647 170000 100000 478021 252643 347588 343516 370740 282483 350200 514849 476563 280000 310238 296469 326716 359614 
453412 510365 490512 460555 538634 477359 553431 494462 576340 258114 230000 524264 478021 100000 326716 572652 320000 722415 374591 410644 543847 834098 359422 685235 452278 261555 404138 
435410 286011 264012 239284 312132 258114 326716 277200 350000 435261 435410 298494 252643 326716 100000 416228 258114 512310 241421 320227 500000 622015 194340 462352 310950 192195 292094 
350000 414006 362487 326716 391548 312132 381780 298494 369258 720000 702080 402324 347588 572652 416228 100000 354950 323607 300000 274642 328035 420155 493573 370740 220416 420155 588774 
280278 405941 362487 315407 416228 323607 423110 333238 435410 473363 450000 410483 343516 320000 258114 354950 100000 530116 170711 192195 354950 640833 350799 518688 236015 192195 444819 
571699 394278 370000 374591 354950 354950 335372 335372 306155 847261 843303 374591 370740 722415 512310 323607 530116 100000 460555 474833 549444 211803 550444 206301 404138 560977 622398 
306155 350200 302237 252971 354950 258114 359614 265529 369258 520000 503112 351794 282483 374591 241421 300000 170711 460555 100000 180623 360768 571699 334306 448280 180623 220416 433017 
230384 421403 370185 320227 420155 320227 421403 322036 425575 565296 540454 420155 350200 410644 320227 274642 192195 474833 180623 100000 280278 581664 414006 484708 172111 278885 512310 
192195 587647 534166 486004 578539 480789 575184 476563 571699 701664 666127 582701 514849 543847 500000 328035 354950 549444 360768 280278 100000 637122 594065 596488 318403 447131 692030 
670087 490000 473363 483275 450000 464005 430000 444819 400000 957263 954400 470000 476563 834098 622015 420155 640833 211803 571699 581664 637122 100000 654437 281108 512310 672713 720000 
529418 274642 281108 282483 311896 302237 330868 322036 359614 424500 439706 293132 280000 359422 194340 493573 350799 550444 334306 414006 594065 654437 100000 480789 398329 272627 198995 
599800 310950 302485 324722 271172 308087 251327 292094 221655 794621 797711 291050 310238 685235 462352 370740 518688 206301 448280 484708 596488 281108 480789 100000 413050 528019 540454 
292354 369258 315870 267631 361725 262788 360192 260312 360768 600100 581664 364764 296469 452278 310950 220416 236015 404138 180623 172111 318403 512310 398329 413050 100000 300998 496988 
370185 372947 342074 305183 394109 320227 406105 336008 425575 400167 386356 383019 326716 261555 192195 420155 192195 560977 220416 278885 447131 672713 272627 528019 300998 100000 360000 
624786 330000 354950 369258 370000 387924 390000 406757 420000 420155 449857 350000 359614 404138 292094 588774 444819 622398 433017 512310 692030 720000 198995 540454 496988 360000 100000 
TIME_WINDOW_SECTION
1 0 9600000
2 3350000 4550000
3 2540000 3740000
4 5370000 6570000
5 0 9050000
6 3750000 4950000
7 2010000 3210000
8 6810000 8010000
9 7840000 9040000
10 6210000 7410000
11 0 9020000
12 0 9040000
13 4400000 5600000
14 0 9140000
15 3260000 4460000
16 0 9250000
17 5570000 6770000
18 7820000 9020000
19 1910000 3110000
20 5660000 6860000
21 1570000 2770000
22 0 8920000
23 2680000 3880000
24 7640000 8840000
25 0 9300000
26 3950000 5150000
27 7130000 8330000
DEPOT_SECTION
1 
-1
EOF
