NAME : rc201.0
TYPE : TSPTW
DIMENSION : 26
EDGE_WEIGHT_TYPE : EXPLICIT
EDGE_WEIGHT_FORMAT : FULL_MATRIX
EDGE_WEIGHT_SECTION
0 308058 403112 335410 316228 335261 323883 380789 392938 412310 403112 377359 200000 269258 269258 92194 196469 360555 570088 147648 322025 382099 481664 141421 205182 192354 
408058 100000 201980 517612 470000 476962 431059 534626 503112 513401 472022 172801 350799 606360 265529 346982 243178 650364 820347 423883 610098 619711 697746 333452 501995 220416 
503112 201980 100000 609902 560977 565725 517612 622015 584665 592443 547214 130000 450000 708276 354950 447851 319317 750000 913940 525793 710082 715224 788840 435410 603587 310950 
435410 517612 609902 100000 150000 153852 201980 150000 194340 211803 241421 580521 280278 323607 354950 370185 522019 280278 404138 287883 255562 211803 280278 333452 260000 482753 
416228 470000 560977 150000 100000 120000 153852 170711 180000 200000 211803 531741 241421 350000 306155 341867 482884 323607 453553 272627 294165 261245 328035 300000 267631 442053 
435261 476962 565725 153852 120000 100000 150000 158310 160000 180000 194340 536807 256205 366271 311896 359422 496232 333238 451283 292354 306155 264924 323607 316333 286815 454683 
423883 431059 517612 201980 153852 150000 100000 204403 178102 194340 180000 488973 230000 397321 265529 340416 461248 377308 501123 291050 346982 313776 372947 293132 305913 418277 
480789 534626 622015 150000 170711 158310 204403 100000 158310 170711 211803 593356 312132 369258 369258 410644 553431 312132 400000 334094 294165 230384 270294 370185 310000 512310 
492938 503112 584665 194340 180000 160000 178102 158310 100000 120000 153852 556946 305913 417648 338537 413847 539318 369072 451283 351794 348395 288680 320906 368328 345153 496232 
512310 513401 592443 211803 200000 180000 194340 170711 120000 100000 150000 565188 323607 435410 350000 432415 554533 382843 453553 371662 364008 300000 323607 386356 364764 511096 
503112 472022 547214 241421 211803 194340 180000 211803 153852 150000 100000 520595 306155 460555 312132 417805 524382 420155 503112 370740 396985 341867 372947 369258 378568 480132 
477359 172801 130000 580521 531741 536807 488973 593356 556946 565188 520595 100000 420000 678705 325610 419530 298494 720000 884474 496232 680086 685491 759697 405941 573814 286011 
300000 350799 450000 280278 241421 256205 230000 312132 305913 323607 306155 420000 100000 369258 211803 211803 342074 400000 574342 198995 360192 372029 457771 163246 261555 302485 
369258 606360 708276 323607 350000 366271 397321 369258 417648 435410 460555 678705 369258 100000 480789 370185 542832 211803 420155 282483 190554 280278 369258 372947 207703 520119 
369258 265529 354950 354950 306155 311896 265529 369258 338537 350000 312132 325610 211803 480789 100000 278885 319317 503112 659017 308087 464966 461248 534166 236015 373130 274642 
192195 346982 447851 370185 341867 359422 340416 410644 413847 432415 417805 419530 211803 370185 278885 100000 274642 438378 637122 198489 397321 438378 534166 150000 277200 250000 
296469 243178 319317 522019 482884 496232 461248 553431 539318 554533 524382 298494 342074 542832 319317 274642 100000 612445 806824 372029 571275 605371 696825 292354 451710 144721 
460555 650364 750000 280278 323607 333238 377308 312132 369072 382843 420155 720000 400000 211803 503112 438378 612445 100000 312132 340416 141231 189443 261245 425575 261555 582701 
670087 820347 913940 404138 453553 451283 501123 400000 451283 453553 503112 884474 574342 420155 659017 637122 806824 312132 100000 539090 348395 302485 230384 614782 466197 772309 
247647 423883 525793 287883 272627 292354 291050 334094 351794 371662 370740 496232 198995 282483 308087 198489 372029 340416 539090 100000 299249 342074 439706 190554 180623 343311 
422025 610098 710082 255562 294165 306155 346982 294165 348395 364008 396985 680086 360192 190554 464966 397321 571275 141231 348395 299249 100000 190000 280278 384429 220830 541475 
482099 619711 715224 211803 261245 264924 313776 230384 288680 300000 341867 685491 372029 280278 461248 438378 605371 189443 302485 342074 190000 100000 200000 413050 278045 570106 
581664 697746 788840 280278 328035 323607 372947 270294 320906 323607 372947 759697 457771 369258 534166 534166 696825 261245 230384 439706 280278 200000 100000 504969 378028 659464 
241421 333452 435410 333452 300000 316333 293132 370185 368328 386356 369258 405941 163246 372947 236015 150000 292354 425575 614782 190554 384429 413050 504969 100000 270000 258114 
305183 501995 603587 260000 267631 286815 305913 310000 345153 364764 378568 573814 261555 207703 373130 277200 451710 261555 466197 180623 220830 278045 378028 270000 100000 423883 
292354 220416 310950 482753 442053 454683 418277 512310 496232 511096 480132 286011 302485 520119 274642 250000 144721 582701 772309 343311 541475 570106 659464 258114 423883 100000 
TIME_WINDOW_SECTION
1 0 9600000
2 1520000 2720000
3 730000 1930000
4 3710000 4910000
5 5190000 6390000
6 1950000 3150000
7 2230000 3430000
8 6530000 7730000
9 1740000 2940000
10 2550000 3750000
11 7030000 8230000
12 370000 1570000
13 3750000 4950000
14 3970000 5170000
15 6940000 8140000
16 1570000 2770000
17 8100000 9300000
18 6450000 7650000
19 2320000 3520000
20 1520000 2720000
21 3490000 4690000
22 3590000 4790000
23 5470000 6670000
24 1720000 2920000
25 3080000 4280000
26 8100000 9300000
DEPOT_SECTION
1 
-1
EOF
