NAME : rc207.2
TYPE : TSPTW
DIMENSION : 31
EDGE_WEIGHT_TYPE : EXPLICIT
EDGE_WEIGHT_FORMAT : FULL_MATRIX
EDGE_WEIGHT_SECTION
0 393573 360555 333017 353553 390512 335410 335261 323883 353553 392938 412310 442041 430116 406079 360555 308058 380789 372022 383275 250000 200000 180278 92194 392938 325575 384708 147648 155242 141421 205182 
493573 100000 153852 207703 222066 186023 614198 571275 523792 534626 592443 600899 550000 530000 531045 483275 473630 430000 164030 547214 650818 450570 514005 442053 420155 422025 333452 522966 552769 432415 601597 
460555 153852 100000 153852 170711 150000 560977 517612 470000 480789 538634 547214 572652 552769 550444 500000 483275 453553 120000 493573 602494 400000 503112 400832 369072 368328 284391 476563 536005 386356 553982 
433017 207703 153852 100000 130000 158310 507921 464005 416228 426956 484838 493573 600100 580521 575184 522966 500000 483275 150000 440000 555412 350799 499249 364197 319317 314709 238924 432415 525441 343516 507921 
453553 222066 170711 130000 100000 150000 503112 456931 408058 416228 473363 480789 629528 609902 604876 552769 530000 512310 158310 426956 560977 354950 527200 380179 298494 302485 214018 441760 551774 354950 514849 
490512 186023 150000 158310 150000 100000 552769 506079 456931 464005 520595 527200 622398 602494 600400 550000 532897 503112 130000 473363 609902 404138 547214 422490 338537 350000 250000 488973 577074 400832 563249 
435410 614198 560977 507921 503112 552769 100000 153852 201980 211803 194340 211803 858222 843303 823464 772681 724820 772681 557056 228062 258114 280278 614782 370185 362487 310950 432415 287883 588467 333452 260000 
435261 571275 517612 464005 456931 506079 153852 100000 150000 158310 160000 180000 842024 826223 808025 756048 710328 750692 512310 178102 297231 256205 610784 359422 308806 260000 380713 292354 590408 316333 286815 
423883 523792 470000 416228 408058 456931 201980 150000 100000 130000 178102 194340 812811 796348 779559 726817 683095 717171 464005 160000 326716 230000 593356 340416 261555 210000 330868 291050 578539 293132 305913 
453553 534626 480789 426956 416228 464005 211803 158310 130000 100000 158310 170711 837835 821110 804910 751920 709016 740311 473363 130000 350000 258114 622015 369258 252971 214018 330217 320906 608035 321359 332594 
492938 592443 538634 484838 473363 520595 194340 160000 178102 158310 100000 120000 890569 874209 857166 804557 760379 795270 530813 150000 350799 305913 666480 413847 300000 270880 382843 351794 648179 368328 345153 
512310 600899 547214 493573 480789 527200 211803 180000 194340 170711 120000 100000 907093 890569 873886 821110 777422 810634 538634 153852 369258 323607 685235 432415 300998 278885 386356 371662 667539 386356 364764 
542041 550000 572652 600100 629528 622398 858222 842024 812811 837835 890569 907093 100000 120000 136056 186023 234536 220000 592544 863217 792026 686003 377308 588365 796419 757419 733246 680000 432415 626308 746607 
530116 530000 552769 580521 609902 602494 843303 826223 796348 821110 874209 890569 120000 100000 130000 170711 222066 200000 572652 846257 780074 670087 369258 573814 777791 739531 714003 666392 425730 610882 734114 
506079 531045 550444 575184 604876 600400 823464 808025 779559 804910 857166 873886 136056 130000 100000 153852 198995 204403 570425 830616 756048 652177 341661 553431 767307 726498 706383 644518 397321 592037 710737 
460555 483275 500000 522966 552769 550000 772681 756048 726817 751920 804557 821110 186023 170711 153852 100000 153852 170711 520000 777422 710328 600000 306155 503112 713514 672713 653173 595782 364764 540454 664004 
408058 473630 483275 500000 530000 532897 724820 710328 683095 709016 760379 777422 234536 222066 198995 153852 100000 204403 503112 735295 658032 554863 252971 454683 679741 634883 624690 545533 312132 494081 612250 
480789 430000 453553 483275 512310 503112 772681 750692 717171 740311 795270 810634 220000 200000 204403 170711 204403 100000 473363 764003 726498 594975 350000 508044 686003 652268 618652 604777 410000 539318 678014 
472022 164030 120000 150000 158310 130000 557056 512310 464005 473363 530813 538634 592544 572652 570425 520000 503112 473363 100000 484838 604876 400666 520595 408707 356125 360000 269706 480789 552217 391204 557056 
483275 547214 493573 440000 426956 473363 228062 178102 160000 130000 150000 153852 863217 846257 830616 777422 735295 764003 484838 100000 374591 286815 650818 398329 250000 225300 333452 350799 637587 350000 360000 
350000 650818 602494 555412 560977 609902 258114 297231 326716 350000 350799 369258 792026 780074 756048 710328 658032 726498 604876 374591 100000 306155 524264 328035 478021 410644 524853 231529 484187 320227 150990 
300000 450570 400000 350799 354950 404138 280278 256205 230000 258114 305913 323607 686003 670087 652177 600000 554863 594975 400666 286815 306155 100000 464005 211803 305913 234164 328035 198995 452278 163246 261555 
280278 514005 503112 499249 527200 547214 614782 610784 593356 622015 666480 685235 377308 369258 341661 306155 252971 350000 520595 650818 524264 464005 100000 352982 630000 571699 596488 427567 160000 400832 482884 
192195 442053 400832 364197 380179 422490 370185 359422 340416 369258 413847 432415 588365 573814 553431 503112 454683 508044 408707 398329 328035 211803 352982 100000 400832 333452 396816 198489 340832 150000 277200 
492938 420155 369072 319317 298494 338537 362487 308806 261555 252971 300000 300998 796419 777791 767307 713514 679741 686003 356125 250000 478021 305913 630000 400832 100000 172111 189443 402324 633385 352982 446554 
425575 422025 368328 314709 302485 350000 310950 260000 210000 214018 270880 278885 757419 739531 726498 672713 634883 652268 360000 225300 410644 234164 571699 333452 172111 100000 221655 330217 570425 284391 376586 
484708 333452 284391 238924 214018 250000 432415 380713 330868 330217 382843 386356 733246 714003 706383 653173 624690 618652 269706 333452 524853 328035 596488 396816 189443 221655 100000 426497 609608 356125 485876 
247647 522966 476563 432415 441760 488973 287883 292354 291050 320906 351794 371662 680000 666392 644518 595782 545533 604777 480789 350799 231529 198995 427567 198489 402324 330217 426497 100000 400832 190554 180623 
255242 552769 536005 525441 551774 577074 588467 590408 578539 608035 648179 667539 432415 425730 397321 364764 312132 410000 552217 637587 484187 452278 160000 340832 633385 570425 609608 400832 100000 390689 446699 
241421 432415 386356 343516 354950 400832 333452 316333 293132 321359 368328 386356 626308 610882 592037 540454 494081 539318 391204 350000 320227 163246 400832 150000 352982 284391 356125 190554 390689 100000 270000 
305183 601597 553982 507921 514849 563249 260000 286815 305913 332594 345153 364764 746607 734114 710737 664004 612250 678014 557056 360000 150990 261555 482884 277200 446554 376586 485876 180623 446699 270000 100000 
TIME_WINDOW_SECTION
1 0 9600000
2 4730000 5880000
3 4180000 9130000
4 2490000 6460000
5 2810000 4380000
6 2720000 5810000
7 2360000 6250000
8 330000 5100000
9 1660000 3990000
10 350000 4570000
11 390000 5380000
12 2140000 4150000
13 3960000 9050000
14 430000 7120000
15 5300000 7030000
16 360000 8000000
17 2070000 6640000
18 5490000 7180000
19 4350000 6620000
20 380000 3660000
21 1090000 3600000
22 2840000 5850000
23 5680000 7530000
24 90000 5320000
25 2550000 4360000
26 1950000 6540000
27 2580000 5650000
28 850000 3380000
29 5380000 7050000
30 1090000 3540000
31 1700000 5650000
DEPOT_SECTION
1 
-1
EOF
