NAME : rc_201.4
TYPE : TSPTW
DIMENSION : 26
EDGE_WEIGHT_TYPE : EXPLICIT
EDGE_WEIGHT_FORMAT : FULL_MATRIX
EDGE_WEIGHT_SECTION
0 335261 353553 392938 400500 450000 450444 350570 452769 585235 510784 474342 403112 308058 383275 450444 353412 250000 180278 471699 424264 570088 499800 270185 524786 171172 
435261 100000 158310 160000 553431 574236 560977 490512 542041 975728 896304 871622 787677 710328 178102 587955 741950 297231 522966 408058 300998 451283 499249 602195 786003 596488 
453553 158310 100000 158310 609313 631507 618556 545982 600000 1012410 933607 906225 780074 709016 130000 644885 777422 350000 560977 464005 354950 500000 556946 644059 837835 620865 
492938 160000 158310 100000 600000 616624 602096 538292 581041 1035360 955862 931505 834098 760379 150000 631507 801783 350799 582597 426956 315407 451283 525441 660892 838240 655787 
500500 553431 609313 600000 100000 153852 164030 164030 186023 666480 592443 597393 871298 769403 631507 150000 490512 362487 362487 370000 435261 473363 302485 342074 354950 508534 
550000 574236 631507 616624 153852 100000 120000 201980 150000 704152 632353 640833 924621 822772 651725 120000 538634 391548 416228 354950 435410 450000 271172 394109 370000 562385 
550444 560977 618556 602096 164030 120000 100000 200000 130000 722415 650091 657584 929699 828011 638145 140000 553431 381780 423110 335372 417648 430000 251327 406105 390000 570106 
450570 490512 545982 538292 164030 201980 200000 100000 204403 689406 612445 610784 833757 732456 568615 207703 494462 298494 333238 335372 384429 444819 292094 336008 406757 480789 
552769 542041 600000 581041 186023 150000 130000 204403 100000 750000 676975 683095 938153 836817 618556 170000 576340 369258 435410 306155 391548 400000 221655 425575 420000 583011 
685235 975728 1012410 1035360 666480 704152 722415 689406 750000 100000 180000 211803 751920 682580 1042020 686003 335372 800000 552769 924621 955862 1034080 868960 480132 475365 520476 
610784 896304 933607 955862 592443 632353 650091 612445 676975 180000 100000 153852 712699 635350 963134 614782 258114 720000 473363 847261 876466 957263 794621 400167 420155 449857 
574342 871622 906225 931505 597393 640833 657584 610784 683095 211803 153852 100000 659017 582597 936001 624309 230000 702080 450000 843303 864853 954400 797711 386356 449857 408707 
503112 787677 780074 834098 871298 924621 929699 833757 938153 751920 712699 659017 100000 201980 804557 920000 614198 751920 609902 974643 920061 1070820 999611 660803 903057 471214 
408058 710328 709016 760379 769403 822772 828011 732456 836817 682580 635350 582597 201980 100000 735295 818053 523792 658032 507921 879359 830000 978009 900562 560109 805762 370185 
483275 178102 130000 150000 631507 651725 638145 568615 618556 1042020 963134 936001 804557 735295 100000 665684 807107 374591 590306 473363 362487 501123 569574 672800 863217 650818 
550444 587955 644885 631507 150000 120000 140000 207703 170000 686003 614782 624309 920000 818053 665684 100000 524264 402324 410483 374591 453412 470000 291050 383019 350000 555412 
453412 741950 777422 801783 490512 538634 553431 494462 576340 335372 258114 230000 614198 523792 807107 524264 100000 572652 320000 722415 737886 834098 685235 261555 404138 298494 
350000 297231 350000 350799 362487 391548 381780 298494 369258 800000 720000 702080 751920 658032 374591 402324 572652 100000 354950 323607 280278 420155 370740 420155 588774 467151 
280278 522966 560977 582597 362487 416228 423110 333238 435410 552769 473363 450000 609902 507921 590306 410483 320000 354950 100000 530116 527200 640833 518688 192195 444819 247647 
571699 408058 464005 426956 370000 354950 335372 335372 306155 924621 847261 843303 974643 879359 473363 374591 722415 323607 530116 100000 211803 211803 206301 560977 622398 666392 
524264 300998 354950 315407 435261 435410 417648 384429 391548 955862 876466 864853 920061 830000 362487 453412 737886 280278 527200 211803 100000 258114 314009 578539 689406 647083 
670087 451283 500000 451283 473363 450000 430000 444819 400000 1034080 957263 954400 1070820 978009 501123 470000 834098 420155 640833 211803 258114 100000 281108 672713 720000 774759 
599800 499249 556946 525441 302485 271172 251327 292094 221655 868960 794621 797711 999611 900562 569574 291050 685235 370740 518688 206301 314009 281108 100000 528019 540454 664004 
370185 602195 644059 660892 342074 394109 406105 336008 425575 480132 400167 386356 660803 560109 672800 383019 261555 420155 192195 560977 578539 672713 528019 100000 360000 290000 
624786 786003 837835 838240 354950 370000 390000 406757 420000 475365 420155 449857 903057 805762 863217 350000 404138 588774 444819 622398 689406 720000 540454 360000 100000 541475 
271172 596488 620865 655787 508534 562385 570106 480789 583011 520476 449857 408707 471214 370185 650818 555412 298494 467151 247647 666392 647083 774759 664004 290000 541475 100000 
TIME_WINDOW_SECTION
1 0 9600000
2 1950000 3150000
3 350000 1550000
4 1740000 2940000
5 2540000 3740000
6 2150000 3350000
7 2010000 3210000
8 6810000 8010000
9 7840000 9040000
10 5290000 6490000
11 6210000 7410000
12 4870000 6070000
13 3290000 4490000
14 3760000 4960000
15 1050000 2250000
16 7320000 8520000
17 5070000 6270000
18 1750000 2950000
19 5570000 6770000
20 7820000 9020000
21 420000 1620000
22 2320000 3520000
23 7640000 8840000
24 3950000 5150000
25 7130000 8330000
26 3920000 5120000
DEPOT_SECTION
1 
-1
EOF
