NAME : rc_203.1
TYPE : TSPTW
DIMENSION : 19
EDGE_WEIGHT_TYPE : EXPLICIT
EDGE_WEIGHT_FORMAT : FULL_MATRIX
EDGE_WEIGHT_SECTION
0 333017 390512 350570 372022 403112 308058 353412 269258 206155 111803 92195 322025 192354 178885 42426 120416 147648 141421 
433017 100000 158310 732456 542832 531741 500000 476563 614198 624786 489101 364197 610882 579270 280278 438378 552769 574236 343516 
490512 158310 100000 789493 570000 552769 532897 500500 670087 683095 547214 422490 663205 637122 337697 496611 609902 630377 400832 
450570 732456 789493 100000 792892 833757 732456 791231 228062 265529 351794 476563 292354 260312 552217 420155 391548 417648 488973 
472022 542832 570000 792892 100000 153852 164030 172801 736318 628110 582597 517732 794046 650091 539090 514005 501622 480789 556070 
503112 531741 552769 833757 153852 100000 201980 158310 770820 670087 614782 539318 824017 686941 550000 544185 543847 525793 573814 
408058 500000 532897 732456 164030 201980 100000 176158 673062 568402 518807 454683 730078 587545 480132 450000 442053 423883 494081 
453412 476563 500500 791231 172801 158310 176158 100000 722415 629528 565188 484187 772309 640833 492046 493573 504474 490512 517253 
369258 614198 670087 228062 736318 770820 673062 722415 100000 258114 258114 370185 190554 192195 435410 330868 354950 392062 372947 
306155 624786 683095 265529 628110 670087 568402 629528 258114 100000 241421 360768 347386 180623 450000 287883 226491 252643 390689 
211803 489101 547214 351794 582597 614782 518807 565188 258114 241421 100000 226491 312603 192195 310950 172801 241421 282483 250000 
192195 364197 422490 476563 517732 539318 454683 484187 370185 360768 226491 100000 397321 318403 192195 178102 305913 337697 150000 
422025 610882 663205 292354 794046 824017 730078 772309 190554 347386 312603 397321 100000 274642 441321 380179 432865 472156 384429 
292354 579270 637122 260312 650091 686941 587545 640833 192195 180623 192195 318403 274642 100000 399666 260000 262788 300000 337065 
278885 280278 337697 552217 539090 550000 480132 492046 435410 450000 310950 192195 441321 399666 100000 270294 396816 426497 163246 
142426 438378 496611 420155 514005 544185 450000 493573 330868 287883 172801 178102 380179 260000 270294 100000 230000 264924 220830 
220416 552769 609902 391548 501622 543847 442053 504474 354950 226491 241421 305913 432865 262788 396816 230000 100000 141231 350799 
247647 574236 630377 417648 480789 525793 423883 490512 392062 252643 282483 337697 472156 300000 426497 264924 141231 100000 384605 
241421 343516 400832 488973 556070 573814 494081 517253 372947 390689 250000 150000 384429 337065 163246 220830 350799 384605 100000 
TIME_WINDOW_SECTION
1 0 9600000
2 3880000 5080000
3 3670000 4870000
4 0 9140000
5 2780000 3980000
6 3290000 4490000
7 3760000 4960000
8 2170000 3370000
9 0 9230000
10 1910000 3110000
11 110000 1310000
12 1570000 2770000
13 0 9170000
14 0 9300000
15 2600000 3800000
16 0 9450000
17 0 9370000
18 140000 1340000
19 0 9350000
DEPOT_SECTION
1 
-1
EOF
