NAME : rc_206.3
TYPE : TSPTW
DIMENSION : 25
EDGE_WEIGHT_TYPE : EXPLICIT
EDGE_WEIGHT_FORMAT : FULL_MATRIX
EDGE_WEIGHT_SECTION
0 585235 570088 557136 522015 520000 502892 510784 514782 474342 372022 403112 308058 353412 353412 180278 158114 291548 390512 130384 252982 254951 274591 120416 171172 
685235 100000 150000 130000 170711 170000 186023 180000 211803 211803 699083 751920 682580 756048 335372 552769 710328 404138 416228 644518 432415 490512 574236 638516 520476 
670087 150000 100000 158310 150000 186023 170000 194340 241421 200000 658032 710328 644885 717171 330000 550000 683095 400000 435410 640370 417805 460555 538634 614296 501622 
657136 130000 158310 100000 153852 140000 164030 150000 186023 186023 683095 736318 664004 738201 306155 522966 686003 374591 387924 614782 404631 467967 554533 613128 493573 
622015 170711 150000 153852 100000 153852 120000 158310 211803 150000 630000 683095 612250 686003 280000 500000 640833 350000 391548 590408 369258 420155 503609 570106 454683 
620000 170000 186023 140000 153852 100000 150000 110000 158310 158310 663560 717171 640833 715873 267631 483275 654437 335372 350799 575184 368328 439706 530116 580104 458469 
602892 186023 170000 164030 120000 150000 100000 150990 204403 130000 619711 673062 600000 674282 260000 480000 624309 330000 374591 570425 350000 404795 490512 552769 436155 
610784 180000 194340 150000 158310 110000 150990 100000 153852 153852 659017 712699 635350 710574 258114 473363 646717 325610 341661 565296 359422 433017 524382 572017 449857 
614782 211803 241421 186023 211803 158310 204403 153852 100000 200000 696154 750000 668243 744126 264012 464005 665684 323607 306155 556070 370185 460555 556508 588365 462352 
574342 211803 200000 186023 150000 158310 130000 153852 200000 100000 605371 659017 582597 657584 230000 450000 600000 300000 350000 540454 321359 382843 472022 527200 408707 
472022 699083 658032 683095 630000 663560 619711 659017 696154 605371 100000 153852 164030 172801 560977 565725 326716 550999 700750 578539 480526 351794 250333 355539 423883 
503112 751920 710328 736318 683095 717171 673062 712699 750000 659017 153852 100000 201980 158310 614198 609902 350000 602494 751920 616236 531856 404138 302237 391548 471214 
408058 682580 644885 664004 612250 640833 600000 635350 668243 582597 164030 201980 100000 176158 523792 507921 264012 506079 654437 516293 435410 311896 211803 292354 370185 
453412 756048 717171 738201 686003 715873 674282 710574 744126 657584 172801 158310 176158 100000 599800 572652 297231 580521 728013 571275 510000 387924 287883 347386 440588 
453412 335372 330000 306155 280000 267631 260000 258114 264012 230000 560977 614198 523792 599800 100000 320000 503609 170000 265529 410644 206301 311896 413209 425269 298494 
280278 552769 550000 522966 500000 483275 480000 473363 464005 450000 565725 609902 507921 572652 320000 100000 404138 250000 312132 192195 256525 350000 426956 330217 247647 
258114 710328 683095 686003 640833 654437 624309 646717 665684 600000 326716 350000 264012 297231 503609 404138 100000 460555 592443 382843 398329 323607 280000 180623 308087 
391548 404138 400000 374591 350000 335372 330000 325610 323607 300000 550999 602494 506079 580521 170000 250000 460555 100000 250000 340832 170711 300000 400666 380179 252643 
490512 416228 435410 387924 391548 350799 374591 341661 306155 350000 700750 751920 654437 728013 265529 312132 592443 250000 100000 394109 320227 450000 550444 512310 391204 
230384 644518 640370 614782 590408 575184 570425 565296 556070 540454 578539 616236 516293 571275 410644 192195 382843 340832 394109 100000 335372 400000 456090 324722 294165 
352982 432415 417805 404631 369258 368328 350000 359422 370185 321359 480526 531856 435410 510000 206301 256525 398329 170711 320227 335372 100000 230384 330217 319317 192195 
354950 490512 460555 467967 420155 439706 404795 433017 460555 382843 351794 404138 311896 387924 311896 350000 323607 300000 450000 400000 230384 100000 201980 262788 206301 
374591 574236 538634 554533 503609 530116 490512 524382 556508 472022 250333 302237 211803 287883 413209 426956 280000 400666 550444 456090 330217 201980 100000 256525 280278 
220416 638516 614296 613128 570106 580104 552769 572017 588365 527200 355539 391548 292354 347386 425269 330217 180623 380179 512310 324722 319317 262788 256525 100000 228062 
271172 520476 501622 493573 454683 458469 436155 449857 462352 408707 423883 471214 370185 440588 298494 247647 308087 252643 391204 294165 192195 206301 280278 228062 100000 
TIME_WINDOW_SECTION
1 0 9600000
2 4690000 7090000
3 860000 3260000
4 890000 3290000
5 1340000 3740000
6 1860000 4260000
7 1050000 3450000
8 5610000 8010000
9 510000 2910000
10 4270000 6670000
11 2180000 4580000
12 2690000 5090000
13 3160000 5560000
14 1570000 3970000
15 4470000 6870000
16 4970000 7370000
17 1980000 4380000
18 1070000 3470000
19 390000 2790000
20 5060000 7460000
21 2080000 4480000
22 1810000 4210000
23 270000 2670000
24 2950000 5350000
25 3320000 5720000
DEPOT_SECTION
1 
-1
EOF
