NAME : rc_208.2
TYPE : TSPTW
DIMENSION : 29
EDGE_WEIGHT_TYPE : EXPLICIT
EDGE_WEIGHT_FORMAT : FULL_MATRIX
EDGE_WEIGHT_SECTION
0 570088 522015 502892 514782 442041 430116 406079 372022 360555 403112 308058 335410 380789 353412 180278 158114 291548 206155 111803 254951 274591 76157 120416 192354 42426 210950 171172 155242 
670087 100000 150000 170000 241421 673062 683095 657584 658032 670087 710328 644885 702080 740311 717171 571699 683095 400000 602494 702080 460555 538634 594773 614296 681378 692284 480132 501622 542832 
622015 150000 100000 120000 211803 650364 659017 632353 630000 640833 683095 612250 670087 710328 686003 530116 640833 350000 552769 652268 420155 503609 546430 570106 631507 643415 436155 454683 498246 
602892 170000 120000 100000 204403 642310 650364 623259 619711 630000 673062 600000 658032 699083 674282 514005 624309 330000 532897 632353 404795 490512 527200 552769 611566 623927 419061 436155 480789 
614782 241421 211803 204403 100000 726418 732456 704070 696154 704152 750000 668243 726498 770820 744126 560977 665684 323607 503112 622015 460555 556508 539090 588365 583735 628015 461248 462352 517253 
542041 673062 650364 642310 726418 100000 120000 136056 170711 186023 170000 234536 230000 220000 223693 377308 397321 600400 692368 652177 400666 303961 529418 424500 717738 584149 435410 483275 432415 
530116 683095 659017 650364 732456 120000 100000 130000 158310 170711 150000 222066 211803 200000 204403 369258 382843 600000 685235 640833 400000 300998 520476 413847 708276 572017 432415 478550 425730 
506079 657584 632353 623259 704070 136056 130000 100000 136056 153852 158310 198995 201980 204403 200000 341661 362487 570000 657136 616140 370000 271172 493573 388444 681808 548219 402655 449285 397321 
472022 658032 630000 619711 696154 170711 158310 136056 100000 120000 153852 164030 170000 186023 172801 311896 326716 550999 628110 582597 351794 250333 462491 355539 650091 514005 380179 423883 369258 
460555 670087 640833 630000 704152 186023 170711 153852 120000 100000 150000 153852 150000 170711 153852 306155 312132 552769 622015 571699 354950 252971 454683 345967 641295 502244 380179 421403 364764 
503112 710328 683095 673062 750000 170000 150000 158310 153852 150000 100000 201980 170711 150000 158310 354950 350000 602494 670087 614782 404138 302237 501622 391548 686941 544185 430151 471214 414006 
408058 644885 612250 600000 668243 234536 222066 198995 164030 153852 201980 100000 158310 204403 176158 252971 264012 506079 568402 518807 311896 211803 400832 292354 587545 450000 331948 370185 312132 
435410 702080 670087 658032 726498 230000 211803 201980 170000 150000 170711 158310 100000 150000 120000 300000 280278 560977 609902 547214 369258 270000 439558 328035 622015 475899 386356 420624 360000 
480789 740311 710328 699083 770820 220000 200000 204403 186023 170711 150000 204403 150000 100000 130000 350000 323607 609902 659017 592443 416228 315407 488330 376586 669210 520476 435410 470540 410000 
453412 717171 686003 674282 744126 223693 204403 200000 172801 153852 158310 176158 120000 130000 100000 320000 297231 580521 629528 565188 387924 287883 459026 347386 640833 493573 405941 440588 380000 
280278 571699 530116 514005 560977 377308 369258 341661 311896 306155 354950 252971 300000 350000 320000 100000 211803 369258 416228 382843 211803 194340 252643 163246 441321 322036 200000 221655 160000 
258114 683095 640833 624309 665684 397321 382843 362487 326716 312132 350000 264012 280278 323607 297231 211803 100000 460555 450000 369258 323607 280000 281108 180623 449285 296977 306155 308087 248661 
391548 400000 350000 330000 323607 600400 600000 570000 550999 552769 602494 506079 560977 609902 580521 369258 460555 100000 306155 404138 300000 400666 316333 380179 382843 404631 274642 252643 314709 
306155 602494 552769 532897 503112 692368 685235 657136 628110 622015 670087 568402 609902 659017 629528 416228 450000 306155 100000 241421 420155 493573 271172 382843 180623 287883 372029 316333 360000 
211803 702080 652268 632353 622015 652177 640833 616140 582597 571699 614782 518807 547214 592443 565188 382843 369258 404138 241421 100000 435410 475365 238924 328035 192195 172801 386356 334094 344131 
354950 460555 420155 404795 460555 400666 400000 370000 351794 354950 404138 311896 369258 416228 387924 211803 323607 300000 420155 435410 100000 201980 296977 262788 468782 391204 150000 206301 200499 
374591 538634 503609 490512 556508 303961 300998 271172 250333 252971 302237 211803 270000 315407 287883 194340 280000 400666 493573 475365 201980 100000 340832 256525 528019 416228 231529 280278 236015 
176158 594773 546430 527200 539090 529418 520476 493573 462491 454683 501622 400832 439558 488330 459026 252643 281108 316333 271172 238924 296977 340832 100000 211803 288680 200000 248661 200499 206301 
220416 614296 570106 552769 588365 424500 413847 388444 355539 345967 391548 292354 328035 376586 347386 163246 180623 380179 382843 328035 262788 256525 211803 100000 395466 262788 234164 228062 172111 
292354 681378 631507 611566 583735 717738 708276 681808 650091 641295 686941 587545 622015 669210 640833 441321 449285 382843 180623 192195 468782 528019 288680 395466 100000 260000 418904 362487 392062 
142426 692284 643415 623927 628015 584149 572017 548219 514005 502244 544185 450000 475899 520476 493573 322036 296977 404631 287883 172801 391204 416228 200000 262788 260000 100000 345153 300250 293132 
310950 480132 436155 419061 461248 435410 432415 402655 380179 380179 430151 331948 386356 435410 405941 200000 306155 274642 372029 386356 150000 231529 248661 234164 418904 345153 100000 156569 163246 
271172 501622 454683 436155 462352 483275 478550 449285 423883 421403 471214 370185 420624 470540 440588 221655 308087 252643 316333 334094 206301 280278 200499 228062 362487 300250 156569 100000 163246 
255242 542832 498246 480789 517253 432415 425730 397321 369258 364764 414006 312132 360000 410000 380000 160000 248661 314709 360000 344131 200499 236015 206301 172111 392062 293132 163246 163246 100000 
TIME_WINDOW_SECTION
1 0 9600000
2 570000 6000000
3 520000 5360000
4 500000 5340000
5 510000 6020000
6 4100000 9050000
7 430000 6170000
8 4100000 8230000
9 1140000 5610000
10 360000 6580000
11 1910000 5860000
12 2010000 6700000
13 330000 5680000
14 4290000 8380000
15 490000 5040000
16 4480000 8730000
17 1100000 5250000
18 290000 5480000
19 200000 4980000
20 110000 5300000
21 810000 5200000
22 270000 6220000
23 4440000 9420000
24 2490000 5800000
25 190000 5660000
26 2040000 6330000
27 3730000 9280000
28 2650000 6380000
29 4180000 8250000
DEPOT_SECTION
1 
-1
EOF
