NAME : rc_202.4
TYPE : TSPTW
DIMENSION : 28
EDGE_WEIGHT_TYPE : EXPLICIT
EDGE_WEIGHT_FORMAT : FULL_MATRIX
EDGE_WEIGHT_SECTION
0 360555 335410 316228 323883 353553 442041 353412 250000 200000 180278 424264 269258 158114 92195 196469 392938 570088 325575 384708 147648 192354 178885 42426 120416 481664 141421 192354 
460555 100000 560977 512310 470000 480789 572652 450570 602494 400000 503112 708276 306155 391548 400832 286011 369072 864853 368328 284391 476563 618652 323607 471214 578017 740311 386356 270294 
435410 560977 100000 150000 201980 211803 858222 750692 258114 280278 614782 250000 354950 560977 370185 522019 362487 404138 310950 432415 287883 372947 369258 395466 496232 280278 333452 482753 
416228 512310 150000 100000 153852 170711 826223 715549 280278 241421 592443 300000 306155 530116 341867 482884 315407 453553 261245 382843 272627 384605 328035 378927 490512 328035 300000 442053 
423883 470000 201980 153852 100000 130000 812811 698164 326716 230000 593356 350799 265529 520595 340416 461248 261555 501123 210000 330868 291050 422025 306155 390689 511096 372947 293132 418277 
453553 480789 211803 170711 130000 100000 837835 722013 350000 258114 622015 354950 280278 547214 369258 484187 252971 500000 214018 330217 320906 449285 330217 420624 541022 370185 321359 440588 
542041 572652 858222 826223 812811 837835 100000 223693 792026 686003 377308 964523 676975 397321 588365 457771 796419 1112130 757419 733246 680000 717738 607740 584149 566154 1019670 626308 502492 
453412 450570 750692 715549 698164 722013 223693 100000 700333 574236 320000 866094 556508 297231 484187 338537 673847 1018100 637122 609608 580104 640833 492046 493573 504474 918352 517253 383019 
350000 602494 258114 280278 326716 350000 792026 700333 100000 306155 524264 280278 416228 503112 328035 502616 478021 420155 410644 524853 231529 220416 380179 308087 368328 341867 320227 474833 
300000 400000 280278 241421 230000 258114 686003 574236 306155 100000 464005 416228 211803 391548 211803 342074 305913 574342 234164 328035 198995 354950 189443 272627 400832 457771 163246 302485 
280278 503112 614782 592443 593356 622015 377308 320000 524264 464005 100000 702080 500000 211803 352982 319317 630000 843303 571699 596488 427567 441321 410644 322036 289737 760681 400832 350000 
524264 708276 250000 300000 350799 354950 964523 866094 280278 416228 702080 100000 503112 670087 482753 650091 507921 258114 460555 581664 386007 391548 504969 481838 547772 163246 457771 614782 
369258 306155 354950 306155 265529 280278 676975 556508 416228 211803 500000 503112 100000 404138 278885 319317 230000 659017 180623 220416 308087 464005 192195 355539 484708 534166 236015 274642 
258114 391548 560977 530116 520595 547214 397321 297231 503112 391548 211803 670087 404138 100000 291050 207703 532897 821110 480789 491152 384253 449285 321359 296977 333452 723699 330217 241421 
192195 400832 370185 341867 340416 369258 588365 484187 328035 211803 352982 482753 278885 291050 100000 274642 400832 637122 333452 396816 198489 318403 192195 178102 305913 534166 150000 250000 
296469 286011 522019 482884 461248 484187 457771 338537 502616 342074 319317 650091 319317 207703 274642 100000 442053 806824 399666 390172 372029 480526 255562 320906 404138 696825 292354 144721 
492938 369072 362487 315407 261555 252971 796419 673847 478021 305913 630000 507921 230000 532897 400832 442053 100000 650818 172111 189443 402324 554533 320906 473363 603289 520476 352982 398329 
670087 864853 404138 453553 501123 500000 1112130 1018100 420155 574342 843303 258114 659017 821110 637122 806824 650818 100000 610882 730078 539090 512310 663028 628015 674891 230384 614782 772309 
425575 368328 310950 261245 210000 214018 757419 637122 410644 234164 571699 460555 180623 480789 333452 399666 172111 610882 100000 221655 330217 482884 261245 403644 533244 482099 284391 354950 
484708 284391 432415 382843 330868 330217 733246 609608 524853 328035 596488 581664 220416 491152 396816 390172 189443 730078 221655 100000 426497 582701 305913 474432 602494 600400 356125 350200 
247647 476563 287883 272627 291050 320906 680000 580104 231529 198995 427567 386007 308087 384253 198489 372029 402324 539090 330217 426497 100000 256205 252971 207703 320227 439706 190554 343311 
292354 618652 372947 384605 422025 449285 717738 640833 220416 354950 441321 391548 464005 449285 318403 480526 554533 512310 482884 582701 256205 100000 399666 260000 262788 454683 337065 464966 
278885 323607 369258 328035 306155 330217 607740 492046 380179 189443 410644 504969 192195 321359 192195 255562 320906 663028 261245 305913 252971 399666 100000 270294 396816 547214 163246 214018 
142426 471214 395466 378927 390689 420624 584149 493573 308087 272627 322036 481838 355539 296977 178102 320906 473363 628015 403644 474432 207703 260000 270294 100000 230000 539318 220830 308806 
220416 578017 496232 490512 511096 541022 566154 504474 368328 400832 289737 547772 484708 333452 305913 404138 603289 674891 533244 602494 320227 262788 396816 230000 100000 610000 350799 408058 
581664 740311 280278 328035 372947 370185 1019670 918352 341867 457771 760681 163246 534166 723699 534166 696825 520476 230384 482099 600400 439706 454683 547214 539318 610000 100000 504969 659464 
241421 386356 333452 300000 293132 321359 626308 517253 320227 163246 400832 457771 236015 330217 150000 292354 352982 614782 284391 356125 190554 337065 163246 220830 350799 504969 100000 258114 
292354 270294 482753 442053 418277 440588 502492 383019 474833 302485 350000 614782 274642 241421 250000 144721 398329 772309 354950 350200 343311 464966 214018 308806 408058 659464 258114 100000 
TIME_WINDOW_SECTION
1 0 9600000
2 6440000 7640000
3 3710000 4910000
4 5190000 6390000
5 0 9170000
6 350000 1550000
7 6570000 7770000
8 2170000 3370000
9 0 9250000
10 3750000 4950000
11 6010000 7210000
12 0 9070000
13 6940000 8140000
14 2580000 3780000
15 1570000 2770000
16 8100000 9300000
17 2860000 4060000
18 0 8920000
19 3650000 4850000
20 3520000 4720000
21 0 9350000
22 0 9300000
23 2600000 3800000
24 3590000 4790000
25 0 9370000
26 5470000 6670000
27 0 9350000
28 8100000 9300000
DEPOT_SECTION
1 
-1
EOF
