NAME : rc_204.1
TYPE : TSPTW
DIMENSION : 46
EDGE_WEIGHT_TYPE : EXPLICIT
EDGE_WEIGHT_FORMAT : FULL_MATRIX
EDGE_WEIGHT_SECTION
0 380789 308058 393573 403112 333017 353553 390512 380789 353553 412310 403112 350570 350000 452769 442041 430116 406079 372022 360555 403112 308058 335410 380789 353412 377359 372022 383275 180278 471699 269258 158114 100000 92195 196469 392938 360555 499800 325575 384708 76157 120416 120416 147648 155242 192354 
480789 100000 204403 130000 150000 222066 241421 211803 638516 547214 614782 571699 820347 815891 906225 520000 500000 501123 473363 453553 450000 444819 404138 400000 401496 158310 186023 561411 490512 856636 369258 382843 391548 435410 288680 439706 751920 920244 436155 354950 539090 461248 592443 604777 531393 289737 
408058 204403 100000 200000 201980 140000 170000 186023 534626 444819 513401 472022 732456 726418 811969 560977 541475 535660 503112 483275 492938 460000 433765 444819 437343 172801 164030 460555 462491 753758 265529 350799 334306 346982 243178 350000 650364 820069 336008 274642 475365 419061 526380 545533 491152 220416 
493573 130000 200000 100000 120000 207703 222066 186023 628110 534626 600899 556508 828011 822772 910494 550000 530000 531045 503112 483275 480000 473630 433765 430000 431361 136056 164030 547214 514005 853259 359614 404795 408058 442053 306155 420155 750308 920061 422025 333452 554863 481838 607740 622015 552769 301246 
503112 150000 201980 120000 100000 201980 211803 170711 622015 527200 592443 547214 833757 828011 913940 570000 550000 550999 522966 503112 500000 492938 453553 450000 451283 130000 153852 538634 530116 851664 354950 420155 420155 447851 319317 408058 750000 920549 413847 320227 566154 496232 618652 634135 567547 310950 
433017 222066 140000 207703 201980 100000 130000 158310 520595 426956 493573 449857 746220 739061 820347 600100 580521 575184 542832 522966 531741 500000 473363 483275 476563 172801 150000 440000 499249 750692 252971 387924 366271 364197 280278 319317 650364 821734 314709 238924 503112 453553 552769 574236 525441 252643 
453553 241421 170000 222066 211803 130000 100000 150000 512310 416228 480789 435410 757951 750000 828011 629528 609902 604876 572652 552769 560977 530000 503112 512310 506079 186023 158310 426956 527200 750000 250000 416228 391548 380179 308806 298494 652268 824431 302485 214018 525206 480132 573814 596790 551774 278885 
490512 211803 186023 186023 170711 158310 150000 100000 560977 464005 527200 480789 803847 796419 876209 622398 602494 600400 570000 550000 552769 532897 500000 503112 500500 153852 130000 473363 547214 800000 300000 435410 420155 422490 328254 338537 702080 874145 350000 250000 559674 504969 609902 630377 577074 306155 
480789 638516 534626 628110 622015 520595 512310 560977 100000 200000 170711 211803 520595 503112 524264 896492 881025 862168 826223 810634 843303 764003 772681 807107 786222 593356 568402 204403 659017 369258 369258 600000 530116 410644 553431 351794 312132 467151 312132 430151 536807 596488 545533 586621 634883 512310 
453553 547214 444819 534626 527200 426956 416228 464005 200000 100000 170711 150000 576340 560977 600000 837835 821110 804910 768880 751920 780074 709016 710328 740311 722013 499249 473363 130000 622015 464005 280278 547214 480789 369258 484187 252971 391548 556946 214018 330217 520476 558803 541022 580416 608035 440588 
512310 614782 513401 600899 592443 493573 480789 527200 170711 170711 100000 150000 588774 571699 594975 907093 890569 873886 837835 821110 850000 777422 780074 810634 792026 565188 538634 153852 685235 435410 350000 614782 547214 432415 554533 300998 382843 535660 278885 386356 575184 622015 590408 630848 667539 511096 
503112 571699 472022 556508 547214 449857 435410 480789 211803 150000 150000 100000 616140 600000 631507 880320 863217 847930 811969 794621 821110 752993 751920 780074 762873 520595 493573 120000 670087 480789 312132 592443 527200 417805 524382 251327 420155 578853 236015 337697 570425 606952 590918 630377 657315 480132 
450570 820347 732456 828011 833757 746220 757951 803847 520595 576340 588774 616140 100000 120000 222066 843303 836817 808378 780074 774462 822772 720967 762873 811969 782494 805195 792892 600000 568402 374591 624786 600899 550444 486004 644518 702080 325610 324722 632635 740703 423883 535660 378927 400832 511096 631507 
450000 815891 726418 822772 828011 739061 750000 796419 503112 560977 571699 600000 120000 100000 211803 850267 843303 815122 786222 780074 828011 726418 767083 815891 786586 799214 786222 584149 574342 354950 614782 602494 550000 480789 642310 688982 306155 308087 620096 729682 427567 539318 384605 408707 517851 627731 
552769 906225 811969 910494 913940 820347 828011 876209 524264 600000 594975 631507 222066 211803 100000 961626 954400 926378 897120 890569 938153 836817 876209 924621 895550 884474 869024 618556 685235 306155 685235 708276 652268 571699 740000 741405 312132 221655 677062 793542 536807 648179 495601 520476 629245 721289 
542041 520000 560977 550000 570000 600100 629528 622398 896492 837835 907093 880320 843303 850267 961626 100000 120000 136056 170711 186023 170000 234536 230000 220000 223693 570956 592544 863217 377308 1012630 676975 397321 467967 588365 457771 796419 902121 1030590 757419 733246 529418 424500 566154 542719 432415 502492 
530116 500000 541475 530000 550000 580521 609902 602494 881025 821110 890569 863217 836817 843303 954400 120000 100000 130000 158310 170711 150000 222066 211803 200000 204403 550999 572652 846257 369258 1001390 659017 382843 453553 573814 440000 777791 890569 1021300 739531 714003 520476 413847 558803 536807 425730 484708 
506079 501123 535660 531045 550999 575184 604876 600400 862168 804910 873886 847930 808378 815122 926378 136056 130000 100000 136056 153852 158310 198995 201980 204403 200000 550000 570425 830616 341661 976584 646260 362487 433017 553431 426956 767307 866094 994707 726498 706383 493573 388444 530813 508044 397321 471618 
472022 473363 503112 503112 522966 542832 572652 570000 826223 768880 837835 811969 780074 786222 897120 170711 158310 136056 100000 120000 153852 164030 170000 186023 172801 520476 540000 794621 311896 943149 610784 326716 397321 517732 391548 732456 832393 963134 690931 672713 462491 355539 501622 480789 369258 436155 
460555 453553 483275 483275 503112 522966 552769 550000 810634 751920 821110 794621 774462 780074 890569 186023 170711 153852 120000 100000 150000 153852 150000 170711 153852 500500 520000 777422 306155 932166 592443 312132 382843 503112 373130 713514 821110 954283 672713 653173 454683 345967 495601 476563 364764 417805 
503112 450000 492938 480000 500000 531741 560977 552769 843303 780074 850000 821110 822772 828011 938153 170000 150000 158310 153852 150000 100000 201980 170711 150000 158310 501123 522966 804557 354950 974643 614782 350000 420155 539318 396816 731585 863217 999611 695399 666127 501622 391548 543847 525793 414006 441321 
408058 444819 460000 473630 492938 500000 530000 532897 764003 709016 777422 752993 720967 726418 836817 234536 222066 198995 164030 153852 201980 100000 158310 204403 176158 486394 503112 735295 252971 879359 555412 264012 334306 454683 337697 679741 768506 900562 634883 624690 400832 292354 442053 423883 312132 381603 
435410 404138 433765 433765 453553 473363 503112 500000 772681 710328 780074 751920 762873 767083 876209 230000 211803 201980 170000 150000 170711 158310 100000 150000 120000 450570 470000 735138 300000 906225 547214 280278 350000 468782 328254 666480 794621 933847 627731 604480 439558 328035 484708 470540 360000 372947 
480789 400000 444819 430000 450000 483275 512310 503112 807107 740311 810634 780074 811969 815891 924621 220000 200000 204403 186023 170711 150000 204403 150000 100000 130000 451283 473363 764003 350000 950000 571699 323607 391548 508044 356125 686003 838240 980227 652268 618652 488330 376586 534166 520476 410000 400000 
453412 401496 437343 431361 451283 476563 506079 500500 786222 722013 792026 762873 782494 786586 895550 223693 204403 200000 172801 153852 158310 176158 120000 130000 100000 450000 470540 746375 320000 923650 556508 297231 366271 484187 338537 673847 811969 952350 637122 609608 459026 347386 504474 490512 380000 383019 
477359 158310 172801 136056 130000 172801 186023 153852 593356 499249 565188 520595 805195 799214 884474 570956 550999 550000 520476 500500 501123 486394 450570 451283 450000 100000 128284 511461 513401 821734 325610 402324 397321 419530 298494 384253 720000 890569 386356 297990 542041 476431 594065 610882 548219 286011 
472022 186023 164030 164030 153852 150000 158310 130000 568402 473363 538634 493573 792892 786222 869024 592544 572652 570425 540000 520000 522966 503112 470000 473363 470540 128284 100000 484838 520595 800643 302237 408869 397321 408707 302485 356125 700333 871622 360000 269706 539318 480132 590408 609313 552217 283848 
483275 561411 460555 547214 538634 440000 426956 473363 204403 130000 153852 120000 600000 584149 618556 863217 846257 830616 794621 777422 804557 735295 735138 764003 746375 511461 484838 100000 650818 473363 298494 574236 508534 398329 508044 250000 408058 569574 225300 333452 550444 587647 570956 610392 637587 464005 
280278 490512 462491 514005 530116 499249 527200 547214 659017 622015 685235 670087 568402 574342 685235 377308 369258 341661 311896 306155 354950 252971 300000 350000 320000 513401 520595 650818 100000 740311 500000 211803 250000 352982 319317 630000 631507 753682 571699 596488 252643 163246 289737 271172 160000 350000 
571699 856636 753758 853259 851664 750692 750000 800000 369258 464005 435410 480789 374591 354950 306155 1012630 1001390 976584 943149 932166 974643 879359 906225 950000 923650 821734 800643 473363 740311 100000 600000 726498 659017 549444 722977 616624 211803 206301 565296 686941 589183 688218 566905 603289 694643 692030 
369258 369258 265529 359614 354950 252971 250000 300000 369258 280278 350000 312132 624786 614782 685235 676975 659017 646260 610784 592443 614782 555412 547214 571699 556508 325610 302237 298494 500000 600000 100000 404138 350000 278885 319317 230000 503112 675587 180623 220416 445398 440588 484708 516293 504474 274642 
258114 382843 350799 404795 420155 387924 416228 435410 600000 547214 614782 592443 600899 602494 708276 397321 382843 362487 326716 312132 350000 264012 280278 323607 297231 402324 408869 574236 211803 726498 404138 100000 170711 291050 207703 532897 614782 757875 480789 491152 281108 180623 333452 334094 248661 241421 
200000 391548 334306 408058 420155 366271 391548 420155 530116 480789 547214 527200 550444 550000 652268 467967 453553 433017 397321 382843 420155 334306 350000 391548 366271 397321 397321 508534 250000 659017 350000 170711 100000 220416 202956 480000 547214 694811 422490 449285 247647 192195 301246 314009 261555 214018 
192195 435410 346982 442053 447851 364197 380179 422490 410644 369258 432415 417805 486004 480789 571699 588365 573814 553431 517732 503112 539318 454683 468782 508044 484187 419530 408707 398329 352982 549444 278885 291050 220416 100000 274642 400832 438378 596488 333452 396816 267631 289737 305913 337697 340832 250000 
296469 288680 243178 306155 319317 280278 308806 328254 553431 484187 554533 524382 644518 642310 740000 457771 440000 426956 391548 373130 396816 337697 328254 356125 338537 298494 302485 508044 319317 722977 319317 207703 202956 274642 100000 442053 612445 770820 399666 390172 350598 278045 404138 416228 350000 144721 
492938 439706 350000 420155 408058 319317 298494 338537 351794 252971 300998 251327 702080 688982 741405 796419 777791 767307 732456 713514 731585 679741 666480 686003 673847 384253 356125 250000 630000 616624 230000 532897 480000 400832 442053 100000 538634 707454 172111 189443 568402 570425 603289 637587 633385 398329 
460555 751920 650364 750308 750000 650364 652268 702080 312132 391548 382843 420155 325610 306155 312132 902121 890569 866094 832393 821110 863217 768506 794621 838240 811969 720000 700333 408058 631507 211803 503112 614782 547214 438378 612445 538634 100000 272627 479473 600000 481838 578017 464005 502244 587955 582701 
599800 920244 820069 920061 920549 821734 824431 874145 467151 556946 535660 578853 324722 308087 221655 1030590 1021300 994707 963134 954283 999611 900562 933847 980227 952350 890569 871622 569574 753682 206301 675587 757875 694811 596488 770820 707454 272627 100000 650818 771863 601199 708358 568722 600000 702080 744981 
425575 436155 336008 422025 413847 314709 302485 350000 312132 214018 278885 236015 632635 620096 677062 757419 739531 726498 690931 672713 695399 634883 627731 652268 637122 386356 360000 225300 571699 565296 180623 480789 422490 333452 399666 172111 479473 650818 100000 221655 500250 510488 533244 568402 570425 354950 
484708 354950 274642 333452 320227 238924 214018 250000 430151 330217 386356 337697 740703 729682 793542 733246 714003 706383 672713 653173 666127 624690 604480 618652 609608 297990 269706 333452 596488 686941 220416 491152 449285 396816 390172 189443 600000 771863 221655 100000 560652 541475 602494 632353 609608 350200 
176158 539090 475365 554863 566154 503112 525206 559674 536807 520476 575184 570425 423883 427567 536807 529418 520476 493573 462491 454683 501622 400832 439558 488330 459026 542041 539318 550444 252643 589183 445398 281108 247647 267631 350598 568402 481838 601199 500250 560652 100000 211803 153852 172111 206301 356125 
220416 461248 419061 481838 496232 453553 480132 504969 596488 558803 622015 606952 535660 539318 648179 424500 413847 388444 355539 345967 391548 292354 328035 376586 347386 476431 480132 587647 163246 688218 440588 180623 192195 289737 278045 570425 578017 708358 510488 541475 211803 100000 260000 255242 172111 301246 
220416 592443 526380 607740 618652 552769 573814 609902 545533 541022 590408 590918 378927 384605 495601 566154 558803 530813 501622 495601 543847 442053 484708 534166 504474 594065 590408 570956 289737 566905 484708 333452 301246 305913 404138 603289 464005 568722 533244 602494 153852 260000 100000 141231 234164 408058 
247647 604777 545533 622015 634135 574236 596790 630377 586621 580416 630848 630377 400832 408707 520476 542719 536807 508044 480789 476563 525793 423883 470540 520476 490512 610882 609313 610392 271172 603289 516293 334094 314009 337697 416228 637587 502244 600000 568402 632353 172111 255242 141231 100000 211803 425575 
255242 531393 491152 552769 567547 525441 551774 577074 634883 608035 667539 657315 511096 517851 629245 432415 425730 397321 369258 364764 414006 312132 360000 410000 380000 548219 552217 637587 160000 694643 504474 248661 261555 340832 350000 633385 587955 702080 570425 609608 206301 172111 234164 211803 100000 372947 
292354 289737 220416 301246 310950 252643 278885 306155 512310 440588 511096 480132 631507 627731 721289 502492 484708 471618 436155 417805 441321 381603 372947 400000 383019 286011 283848 464005 350000 692030 274642 241421 214018 250000 144721 398329 582701 744981 354950 350200 356125 301246 408058 425575 372947 100000 
TIME_WINDOW_SECTION
1 0 9600000
2 0 9110000
3 0 9190000
4 0 9100000
5 0 9090000
6 0 9160000
7 0 9140000
8 3670000 4870000
9 6530000 7730000
10 0 9140000
11 0 9080000
12 0 9090000
13 0 9140000
14 0 9150000
15 7840000 9040000
16 0 9050000
17 0 9060000
18 0 9090000
19 2780000 3980000
20 0 9130000
21 0 9090000
22 0 9190000
23 0 9160000
24 0 9110000
25 2170000 3370000
26 0 9120000
27 0 9120000
28 0 9110000
29 0 9310000
30 7820000 9020000
31 0 9230000
32 0 9340000
33 0 9400000
34 1570000 2770000
35 0 9300000
36 0 9100000
37 6450000 7650000
38 7640000 8840000
39 0 9170000
40 3520000 4720000
41 0 9420000
42 0 9370000
43 0 9370000
44 140000 1340000
45 0 9340000
46 8100000 9300000
DEPOT_SECTION
1 
-1
EOF
