NAME : rc_208.1
TYPE : TSPTW
DIMENSION : 38
EDGE_WEIGHT_TYPE : EXPLICIT
EDGE_WEIGHT_FORMAT : FULL_MATRIX
EDGE_WEIGHT_SECTION
0 451774 400500 350570 450000 350000 450444 350570 452769 585235 557136 520000 510784 474342 450444 380526 353412 335410 180278 269258 471699 390512 130384 252982 92195 360555 570088 429418 499800 147648 270185 354683 524786 120416 147648 206155 481664 141421 
551774 100000 153852 201980 140000 207703 160000 216619 190000 667979 641202 606063 597393 608035 120000 172801 510365 286011 405941 344131 394278 358070 421403 520595 587647 383019 490000 274642 310950 516293 372947 361725 330000 473363 490512 441760 520595 603289 
500500 153852 100000 150000 153852 153852 164030 164030 186023 666480 638516 601597 592443 597393 150000 120000 490512 264012 362487 292094 370000 350799 370185 488330 534166 341661 473363 281108 302485 462491 342074 346982 354950 427567 447851 404138 488330 549444 
450570 201980 150000 100000 201980 120000 207703 140000 222066 650818 622015 583839 574342 574236 200000 130000 460555 239284 315407 256205 374591 335372 320227 448280 486004 325610 483275 282483 324722 417648 305183 324722 369258 378927 400832 360768 481181 503112 
550000 140000 153852 201980 100000 200000 120000 201980 150000 704152 676975 641202 632353 640833 120000 172801 538634 312132 416228 323607 354950 391548 420155 541022 578539 350000 450000 311896 271172 501622 394109 392062 370000 480789 501622 457771 482753 590408 
450000 207703 153852 120000 200000 100000 201980 120000 211803 670087 641202 602892 593356 592443 201980 136056 477359 258114 323607 241421 354950 354950 320227 461248 480789 306155 464005 302237 308087 408707 320227 343516 387924 384605 408707 372029 461248 495601 
550444 160000 164030 207703 120000 201980 100000 200000 130000 722415 695063 659017 650091 657584 140000 180623 553431 326716 423110 315407 335372 408869 421403 552217 575184 334306 430000 330868 251327 495601 406105 408058 390000 486004 508534 467151 464005 585077 
450570 216619 164030 140000 201980 120000 200000 100000 204403 689406 660446 622015 612445 610784 207703 150000 494462 277200 333238 228062 335372 374591 322036 474833 476563 286815 444819 322036 292094 400832 336008 362487 406757 391548 417648 384253 441321 488973 
552769 190000 186023 222066 150000 211803 130000 204403 100000 750000 722415 686003 676975 683095 170000 198995 576340 350000 435410 306155 306155 435410 425575 570106 571699 312132 400000 359614 221655 488330 425575 432865 420000 495601 520476 482753 436155 578539 
685235 667979 666480 650818 704152 670087 722415 689406 750000 100000 130000 170000 180000 211803 686003 659732 335372 512310 552769 751920 924621 416228 644518 432415 776757 856636 1034080 493573 868960 792315 480132 427567 475365 575395 539659 496232 1017880 824224 
657136 641202 638516 622015 676975 641202 695063 660446 722415 130000 100000 140000 150000 186023 659017 631413 306155 483275 522966 722013 895550 387924 614782 404631 748460 826911 1005210 467151 840945 762873 450143 398329 453553 546430 511096 466741 988144 795701 
620000 606063 601597 583839 641202 602892 659017 622015 686003 170000 140000 100000 110000 158310 623546 593964 267631 444819 483275 682151 856902 350799 575184 368328 710983 787314 966832 432865 803847 723699 410161 359614 426497 508044 473363 427567 948528 757875 
610784 597393 592443 574342 632353 593356 650091 612445 676975 180000 150000 110000 100000 153852 614782 584665 258114 435261 473363 672189 847261 341661 565296 359422 701664 777422 957263 424500 794621 713921 400167 350000 420155 498497 464005 417805 938630 748460 
574342 608035 597393 574236 640833 592443 657584 610784 683095 211803 186023 158310 153852 100000 624309 587647 230000 435410 450000 659017 843303 350000 540454 321359 666127 767083 954400 439706 797711 685491 386356 350598 449857 466741 429847 390689 927647 714003 
550444 120000 150000 200000 120000 201980 140000 207703 170000 686003 659017 623546 614782 624309 100000 170000 524264 298494 410483 333238 374591 374591 420155 530465 582701 366271 470000 293132 291050 508534 383019 376586 350000 476563 495601 449285 501622 596488 
480526 172801 120000 130000 172801 136056 180623 150000 198995 659732 631413 593964 584665 587647 170000 100000 478021 252643 343516 276918 370740 343516 350200 472022 514849 334094 476563 280000 310238 444384 326716 337065 359614 408058 428938 386531 484708 530813 
453412 510365 490512 460555 538634 477359 553431 494462 576340 335372 306155 267631 258114 230000 524264 478021 100000 326716 320000 531741 722415 265529 410644 206301 543847 641202 834098 359422 685235 557056 261555 250000 404138 340416 306155 261245 800927 590408 
435410 286011 264012 239284 312132 258114 326716 277200 350000 512310 483275 444819 435261 435410 298494 252643 326716 100000 258114 354950 512310 200000 320227 337697 500000 450000 622015 194340 462352 462352 192195 185440 292094 328035 330868 270294 610392 531856 
280278 405941 362487 315407 416228 323607 423110 333238 435410 552769 522966 483275 473363 450000 410483 343516 320000 258114 100000 323607 530116 312132 192195 256525 354950 435410 640833 350799 518688 343516 192195 276918 444819 170711 185440 163246 590408 394109 
369258 344131 292094 256205 323607 241421 315407 228062 306155 751920 722013 682151 672189 659017 333238 276918 531741 354950 323607 100000 312132 453553 262788 480132 370185 211803 420155 426956 330868 282483 372947 430606 520595 354950 392062 386356 369258 372947 
571699 394278 370000 374591 354950 354950 335372 335372 306155 924621 895550 856902 847261 843303 374591 370740 722415 512310 530116 312132 100000 609902 474833 685235 549444 211803 211803 550444 206301 451141 560977 597293 622398 566905 603289 590918 236015 534166 
490512 358070 350799 335372 391548 354950 408869 374591 435410 416228 387924 350799 341661 350000 374591 343516 265529 200000 312132 453553 609902 100000 394109 320227 566905 550000 718466 194340 553100 544185 220416 136056 251327 372029 359422 292354 710328 604480 
230384 421403 370185 320227 420155 320227 421403 322036 425575 644518 614782 575184 565296 540454 420155 350200 410644 320227 192195 262788 474833 394109 100000 335372 280278 370185 581664 414006 484708 252315 278885 360768 512310 194340 234164 250000 515933 312132 
352982 520595 488330 448280 541022 461248 552217 474833 570106 432415 404631 368328 359422 321359 530465 472022 206301 337697 256525 480132 685235 320227 335372 100000 444819 591935 796419 402655 665862 470135 247647 290263 471214 250000 210454 194340 746220 492938 
192195 587647 534166 486004 578539 480789 575184 476563 571699 776757 748460 710983 701664 666127 582701 514849 543847 500000 354950 370185 549444 566905 280278 444819 100000 438378 637122 594065 596488 198489 447131 531856 692030 305913 337697 391548 534166 150000 
460555 383019 341661 325610 350000 306155 334306 286815 312132 856636 826911 787314 777422 767083 366271 334094 641202 450000 435410 211803 211803 550000 370185 591935 438378 100000 312132 507921 272627 340416 480789 531045 593356 464005 502244 498121 261245 425575 
670087 490000 473363 483275 450000 464005 430000 444819 400000 1034080 1005210 966832 957263 954400 470000 476563 834098 622015 640833 420155 211803 718466 581664 796419 637122 312132 100000 654437 281108 539090 672713 707289 720000 674891 712209 702080 230384 614782 
529418 274642 281108 282483 311896 302237 330868 322036 359614 493573 467151 432865 424500 439706 293132 280000 359422 194340 350799 426956 550444 194340 414006 402655 594065 507921 654437 100000 480789 552769 272627 214018 198995 419530 417805 353180 663205 624976 
599800 310950 302485 324722 271172 308087 251327 292094 221655 868960 840945 803847 794621 797711 291050 310238 685235 462352 518688 330868 206301 553100 484708 665862 596488 272627 281108 480789 100000 501995 528019 547214 540454 568722 600000 573814 342074 590918 
247647 516293 462491 417648 501622 408707 495601 400832 488330 792315 762873 723699 713921 685491 508534 444384 557056 462352 343516 282483 451141 544185 252315 470135 198489 340416 539090 552769 501995 100000 431059 511825 651725 320227 360000 396142 439706 190554 
370185 372947 342074 305183 394109 320227 406105 336008 425575 480132 450143 410161 400167 386356 383019 326716 261555 192195 192195 372947 560977 220416 278885 247647 447131 480789 672713 272627 528019 431059 100000 184853 360000 252643 245602 180623 641295 486004 
454683 361725 346982 324722 392062 343516 408058 362487 432865 427567 398329 359614 350000 350598 376586 337065 250000 185440 276918 430606 597293 136056 360768 290263 531856 531045 707289 214018 547214 511825 184853 100000 284391 336008 323607 256525 692115 570106 
624786 330000 354950 369258 370000 387924 390000 406757 420000 475365 453553 426497 420155 449857 350000 359614 404138 292094 444819 520595 622398 251327 512310 471214 692030 593356 720000 198995 540454 651725 360000 284391 100000 511461 504969 438378 743273 723699 
220416 473363 427567 378927 480789 384605 486004 391548 495601 575395 546430 508044 498497 466741 476563 408058 340416 328035 170711 354950 566905 372029 194340 250000 305913 464005 674891 419530 568722 320227 252643 336008 511461 100000 141231 186023 610000 350799 
247647 490512 447851 400832 501622 408707 508534 417648 520476 539659 511096 473363 464005 429847 495601 428938 306155 330868 185440 392062 603289 359422 234164 210454 337697 502244 712209 417805 600000 360000 245602 323607 504969 141231 100000 167082 650091 384605 
306155 441760 404138 360768 457771 372029 467151 384253 482753 496232 466741 427567 417805 390689 449285 386531 261245 270294 163246 386356 590918 292354 250000 194340 391548 498121 702080 353180 573814 396142 180623 256525 438378 186023 167082 100000 653623 435410 
581664 520595 488330 481181 482753 461248 464005 441321 436155 1017880 988144 948528 938630 927647 501622 484708 800927 610392 590408 369258 236015 710328 515933 746220 534166 261245 230384 663205 342074 439706 641295 692115 743273 610000 650091 653623 100000 504969 
241421 603289 549444 503112 590408 495601 585077 488973 578539 824224 795701 757875 748460 714003 596488 530813 590408 531856 394109 372947 534166 604480 312132 492938 150000 425575 614782 624976 590918 190554 486004 570106 723699 350799 384605 435410 504969 100000 
TIME_WINDOW_SECTION
1 0 9600000
2 2180000 5710000
3 850000 5420000
4 3910000 8020000
5 450000 5170000
6 2290000 6400000
7 450000 5230000
8 3890000 9140000
9 3860000 9040000
10 3890000 7880000
11 550000 5750000
12 900000 5210000
13 4250000 8980000
14 3420000 7510000
15 3960000 9040000
16 3410000 6580000
17 3510000 7820000
18 1610000 6100000
19 3900000 8430000
20 2270000 6860000
21 4010000 9020000
22 390000 5930000
23 4040000 8470000
24 1000000 5550000
25 90000 5100000
26 4300000 9130000
27 630000 5200000
28 1250000 5300000
29 3900000 9000000
30 140000 5060000
31 2590000 6500000
32 1980000 6090000
33 3250000 8970000
34 4420000 9370000
35 140000 5810000
36 200000 5390000
37 4260000 7870000
38 140000 4990000
DEPOT_SECTION
1 
-1
EOF
