NAME : rc_206.4
TYPE : TSPTW
DIMENSION : 38
EDGE_WEIGHT_TYPE : EXPLICIT
EDGE_WEIGHT_FORMAT : FULL_MATRIX
EDGE_WEIGHT_SECTION
0 380789 308058 393573 360555 403112 333017 353553 390512 335261 323883 353553 392938 412310 403112 442041 406079 380789 377359 372022 383275 200000 180278 141421 269258 100000 92195 196469 392938 325575 384708 178885 42426 210950 155242 141421 205182 192354 
480789 100000 204403 130000 170711 150000 222066 241421 211803 581041 534626 547214 605371 614782 571699 520000 501123 400000 158310 186023 561411 453553 490512 354950 369258 391548 435410 288680 439706 436155 354950 370185 498497 588365 531393 430151 600100 289737 
408058 204403 100000 200000 153852 201980 140000 170000 186023 476962 431059 444819 503112 513401 472022 560977 535660 444819 172801 164030 460555 350799 462491 270000 265529 334306 346982 243178 350000 336008 274642 271172 417648 552769 491152 333452 501995 220416 
493573 130000 200000 100000 153852 120000 207703 222066 186023 571275 523792 534626 592443 600899 556508 550000 531045 430000 136056 164030 547214 450570 514005 362487 359614 408058 442053 306155 420155 422025 333452 370740 508534 610882 552769 432415 601597 301246 
460555 170711 153852 153852 100000 150000 153852 170711 150000 517612 470000 480789 538634 547214 503112 572652 550444 453553 120000 120000 493573 400000 503112 323607 306155 382843 400832 286011 369072 368328 284391 323607 471214 596488 536005 386356 553982 270294 
503112 150000 201980 120000 150000 100000 201980 211803 170711 565725 517612 527200 584665 592443 547214 570000 550999 450000 130000 153852 538634 450000 530116 369258 354950 420155 447851 319317 408058 413847 320227 372947 516293 626308 567547 435410 603587 310950 
433017 222066 140000 207703 153852 201980 100000 130000 158310 464005 416228 426956 484838 493573 449857 600100 575184 483275 172801 150000 440000 350799 499249 292094 252971 366271 364197 280278 319317 314709 238924 280278 438378 587647 525441 343516 507921 252643 
453553 241421 170000 222066 170711 211803 130000 100000 150000 456931 408058 416228 473363 480789 435410 629528 604876 512310 186023 158310 426956 354950 527200 312132 250000 391548 380179 308806 298494 302485 214018 292354 456090 614296 551774 354950 514849 278885 
490512 211803 186023 186023 150000 170711 158310 150000 100000 506079 456931 464005 520595 527200 480789 622398 600400 503112 153852 130000 473363 404138 547214 350000 300000 420155 422490 328254 338537 350000 250000 337697 496611 638516 577074 400832 563249 306155 
435261 581041 476962 571275 517612 565725 464005 456931 506079 100000 150000 158310 160000 180000 194340 842024 808025 750692 536807 512310 178102 256205 610784 397321 311896 477359 359422 496232 308806 260000 380713 340832 398329 643415 590408 316333 286815 454683 
423883 534626 431059 523792 470000 517612 416228 408058 456931 150000 100000 130000 178102 194340 180000 812811 779559 717171 488973 464005 160000 230000 593356 366271 265529 453412 340416 461248 261555 210000 330868 306155 390689 634603 578539 293132 305913 418277 
453553 547214 444819 534626 480789 527200 426956 416228 464005 158310 130000 100000 158310 170711 150000 837835 804910 740311 499249 473363 130000 258114 622015 391548 280278 480789 369258 484187 252971 214018 330217 330217 420624 664358 608035 321359 332594 440588 
492938 605371 503112 592443 538634 584665 484838 473363 520595 160000 178102 158310 100000 120000 153852 890569 857166 795270 556946 530813 150000 305913 666480 444093 338537 529418 413847 539318 300000 270880 382843 384253 456931 702080 648179 368328 345153 496232 
512310 614782 513401 600899 547214 592443 493573 480789 527200 180000 194340 170711 120000 100000 150000 907093 873886 810634 565188 538634 153852 323607 685235 460555 350000 547214 432415 554533 300998 278885 386356 400000 476563 721691 667539 386356 364764 511096 
503112 571699 472022 556508 503112 547214 449857 435410 480789 194340 180000 150000 153852 150000 100000 880320 847930 780074 520595 493573 120000 306155 670087 435410 312132 527200 417805 524382 251327 236015 337697 372947 470540 714003 657315 369258 378568 480132 
542041 520000 560977 550000 572652 570000 600100 629528 622398 842024 812811 837835 890569 907093 880320 100000 136056 220000 570956 592544 863217 686003 377308 546542 676975 467967 588365 457771 796419 757419 733246 607740 584149 435410 432415 626308 746607 502492 
506079 501123 535660 531045 550444 550999 575184 604876 600400 808025 779559 804910 857166 873886 847930 136056 100000 204403 550000 570425 830616 652177 341661 513401 646260 433017 553431 426956 767307 726498 706383 575079 548219 402655 397321 592037 710737 471618 
480789 400000 444819 430000 453553 450000 483275 512310 503112 750692 717171 740311 795270 810634 780074 220000 204403 100000 451283 473363 764003 594975 350000 453553 571699 391548 508044 356125 686003 652268 618652 511096 520476 435410 410000 539318 678014 400000 
477359 158310 172801 136056 120000 130000 172801 186023 153852 536807 488973 499249 556946 565188 520595 570956 550000 451283 100000 128284 511461 420000 513401 341661 325610 397321 419530 298494 384253 386356 297990 343311 489101 608035 548219 405941 573814 286011 
472022 186023 164030 164030 120000 153852 150000 158310 130000 512310 464005 473363 530813 538634 493573 592544 570425 473363 128284 100000 484838 400666 520595 333238 302237 397321 408707 302485 356125 360000 269706 328035 480789 613128 552217 391204 557056 283848 
483275 561411 460555 547214 493573 538634 440000 426956 473363 178102 160000 130000 150000 153852 120000 863217 830616 764003 511461 484838 100000 286815 650818 417648 298494 508534 398329 508044 250000 225300 333452 355539 450570 694138 637587 350000 360000 464005 
300000 453553 350799 450570 400000 450000 350799 354950 404138 256205 230000 258114 305913 323607 306155 686003 652177 594975 420000 400666 286815 100000 464005 241421 211803 323607 211803 342074 305913 234164 328035 189443 272627 510488 452278 163246 261555 302485 
280278 490512 462491 514005 503112 530116 499249 527200 547214 610784 593356 622015 666480 685235 670087 377308 341661 350000 513401 520595 650818 464005 100000 350000 500000 250000 352982 319317 630000 571699 596488 410644 322036 200000 160000 400832 482884 350000 
241421 354950 270000 362487 323607 369258 292094 312132 350000 397321 366271 391548 444093 460555 435410 546542 513401 453553 341661 333238 417648 241421 350000 100000 250000 200000 180623 202956 380000 323607 352982 163246 247647 420155 357099 189443 353180 170711 
369258 369258 265529 359614 306155 354950 252971 250000 300000 311896 265529 280278 338537 350000 312132 676975 646260 571699 325610 302237 298494 211803 500000 250000 100000 350000 278885 319317 230000 180623 220416 192195 355539 566905 504474 236015 373130 274642 
200000 391548 334306 408058 382843 420155 366271 391548 420155 477359 453412 480789 529418 547214 527200 467967 433017 391548 397321 397321 508534 323607 250000 200000 350000 100000 220416 202956 480000 422490 449285 261245 233417 324722 261555 261245 386531 214018 
192195 435410 346982 442053 400832 447851 364197 380179 422490 359422 340416 369258 413847 432415 417805 588365 553431 508044 419530 408707 398329 211803 352982 180623 278885 220416 100000 274642 400832 333452 396816 192195 178102 400000 340832 150000 277200 250000 
296469 288680 243178 306155 286011 319317 280278 308806 328254 496232 461248 484187 539318 554533 524382 457771 426956 356125 298494 302485 508044 342074 319317 202956 319317 202956 274642 100000 442053 399666 390172 255562 320906 410644 350000 292354 451710 144721 
492938 439706 350000 420155 369072 408058 319317 298494 338537 308806 261555 252971 300000 300998 251327 796419 767307 686003 384253 356125 250000 305913 630000 380000 230000 480000 400832 442053 100000 172111 189443 320906 473363 695399 633385 352982 446554 398329 
425575 436155 336008 422025 368328 413847 314709 302485 350000 260000 210000 214018 270880 278885 236015 757419 726498 652268 386356 360000 225300 234164 571699 323607 180623 422490 333452 399666 172111 100000 221655 261245 403644 631507 570425 284391 376586 354950 
484708 354950 274642 333452 284391 320227 238924 214018 250000 380713 330868 330217 382843 386356 337697 733246 706383 618652 297990 269706 333452 328035 596488 352982 220416 449285 396816 390172 189443 221655 100000 305913 474432 672800 609608 356125 485876 350200 
278885 370185 271172 370740 323607 372947 280278 292354 337697 340832 306155 330217 384253 400000 372947 607740 575079 511096 343311 328035 355539 189443 410644 163246 192195 261245 192195 255562 320906 261245 305913 100000 270294 474833 412570 163246 330868 214018 
142426 498497 417648 508534 471214 516293 438378 456090 496611 398329 390689 420624 456931 476563 470540 584149 548219 520476 489101 480789 450570 272627 322036 247647 355539 233417 178102 320906 473363 403644 474432 270294 100000 345153 293132 220830 262788 308806 
310950 588365 552769 610882 596488 626308 587647 614296 638516 643415 634603 664358 702080 721691 714003 435410 402655 435410 608035 613128 694138 510488 200000 420155 566905 324722 400000 410644 695399 631507 672800 474833 345153 100000 163246 450000 489101 435410 
255242 531393 491152 552769 536005 567547 525441 551774 577074 590408 578539 608035 648179 667539 657315 432415 397321 410000 548219 552217 637587 452278 160000 357099 504474 261555 340832 350000 633385 570425 609608 412570 293132 163246 100000 390689 446699 372947 
241421 430151 333452 432415 386356 435410 343516 354950 400832 316333 293132 321359 368328 386356 369258 626308 592037 539318 405941 391204 350000 163246 400832 189443 236015 261245 150000 292354 352982 284391 356125 163246 220830 450000 390689 100000 270000 258114 
305183 600100 501995 601597 553982 603587 507921 514849 563249 286815 305913 332594 345153 364764 378568 746607 710737 678014 573814 557056 360000 261555 482884 353180 373130 386531 277200 451710 446554 376586 485876 330868 262788 489101 446699 270000 100000 423883 
292354 289737 220416 301246 270294 310950 252643 278885 306155 454683 418277 440588 496232 511096 480132 502492 471618 400000 286011 283848 464005 302485 350000 170711 274642 214018 250000 144721 398329 354950 350200 214018 308806 435410 372947 258114 423883 100000 
TIME_WINDOW_SECTION
1 0 9600000
2 6130000 8530000
3 920000 3320000
4 4110000 6510000
5 5840000 8240000
6 400000 2800000
7 3280000 5680000
8 2400000 4800000
9 3070000 5470000
10 1350000 3750000
11 1630000 4030000
12 350000 2750000
13 1140000 3540000
14 1950000 4350000
15 6430000 8830000
16 5970000 8370000
17 4970000 7370000
18 5140000 7540000
19 370000 2770000
20 4290000 6690000
21 450000 2850000
22 3150000 5550000
23 5410000 7810000
24 5390000 7790000
25 6340000 8740000
26 5520000 7920000
27 970000 3370000
28 6900000 9300000
29 2260000 4660000
30 3050000 5450000
31 2920000 5320000
32 2000000 4400000
33 2990000 5390000
34 6880000 9280000
35 5020000 7420000
36 1120000 3520000
37 2480000 4880000
38 6900000 9300000
DEPOT_SECTION
1 
-1
EOF
