NAME : rc_202.1
TYPE : TSPTW
DIMENSION : 33
EDGE_WEIGHT_TYPE : EXPLICIT
EDGE_WEIGHT_FORMAT : FULL_MATRIX
EDGE_WEIGHT_SECTION
0 451774 400500 350570 450000 350000 585235 570088 557136 522015 520000 502892 510784 514782 474342 450444 380526 353412 335410 180278 269258 390512 130384 429418 76157 270185 354683 322025 382099 524786 147648 210950 206155 
551774 100000 153852 201980 140000 207703 667979 691692 641202 649181 606063 632541 597393 556180 608035 120000 172801 510365 286011 405941 344131 358070 421403 274642 521070 372947 361725 398329 472156 330000 490512 599800 441760 
500500 153852 100000 150000 153852 153852 666480 686003 638516 641202 601597 623546 592443 555412 597393 150000 120000 490512 264012 362487 292094 350799 370185 281108 473363 342074 346982 352389 431059 354950 447851 560977 404138 
450570 201980 150000 100000 201980 120000 650818 666480 622015 620000 583839 601597 574342 541475 574236 200000 130000 460555 239284 315407 256205 335372 320227 282483 423883 305183 324722 328473 413209 369258 400832 515933 360768 
550000 140000 153852 201980 100000 200000 704152 726498 676975 683095 641202 666039 632353 592443 640833 120000 172801 538634 312132 416228 323607 391548 420155 311896 525793 394109 392062 368700 438378 370000 501622 614782 457771 
450000 207703 153852 120000 200000 100000 670087 685235 641202 638516 602892 620000 593356 560977 592443 201980 136056 477359 258114 323607 241421 354950 320227 302237 427567 320227 343516 310238 394109 387924 408707 525441 372029 
685235 667979 666480 650818 704152 670087 100000 150000 130000 170711 170000 186023 180000 211803 211803 686003 659732 335372 512310 552769 751920 416228 644518 493573 609215 480132 427567 842428 932166 475365 539659 504969 496232 
670087 691692 686003 666480 726498 685235 150000 100000 158310 150000 186023 170000 194340 241421 200000 709016 677754 330000 527200 550000 757647 435410 640370 518807 594773 484708 441760 848131 937257 510365 527551 480132 490512 
657136 641202 638516 622015 676975 641202 130000 158310 100000 153852 140000 164030 150000 186023 186023 659017 631413 306155 483275 522966 722013 387924 614782 467151 581041 450143 398329 812531 902247 453553 511096 480132 466741 
622015 649181 641202 620000 683095 638516 170711 150000 153852 100000 153852 120000 158310 211803 150000 666039 632259 280000 480789 500000 708276 391548 590408 478021 546430 435410 395466 798713 887718 478021 478550 436155 440588 
620000 606063 601597 583839 641202 602892 170000 186023 140000 153852 100000 150000 110000 158310 158310 623546 593964 267631 444819 483275 682151 350799 575184 432865 543847 410161 359614 772681 862365 426497 473363 448280 427567 
602892 632541 623546 601597 666039 620000 186023 170000 164030 120000 150000 100000 150990 204403 130000 649181 614296 260000 462491 480000 688557 374591 570425 462352 527200 415752 377308 778970 867919 466197 459026 419061 420624 
610784 597393 592443 574342 632353 593356 180000 194340 150000 158310 110000 150990 100000 153852 153852 614782 584665 258114 435261 473363 672189 341661 565296 424500 534626 400167 350000 762722 852396 420155 464005 440588 417805 
614782 556180 555412 541475 592443 560977 211803 241421 186023 211803 158310 204403 153852 100000 200000 574236 549222 264012 404138 464005 650000 306155 556070 381780 539090 382843 320906 740078 830068 369072 467151 461248 413847 
574342 608035 597393 574236 640833 592443 211803 200000 186023 150000 158310 130000 153852 200000 100000 624309 587647 230000 435410 450000 659017 350000 540454 439706 498497 386356 350598 749384 838240 449857 429847 394109 390689 
550444 120000 150000 200000 120000 201980 686003 709016 659017 666039 623546 649181 614782 574236 624309 100000 170000 524264 298494 410483 333238 374591 420155 293132 522966 383019 376586 383196 455106 350000 495601 606952 449285 
480526 172801 120000 130000 172801 136056 659732 677754 631413 632259 593964 614296 584665 549222 587647 170000 100000 478021 252643 343516 276918 343516 350200 280000 453553 326716 337065 341867 423110 359614 428938 542832 386531 
453412 510365 490512 460555 538634 477359 335372 330000 306155 280000 267631 260000 258114 264012 230000 524264 478021 100000 326716 320000 531741 265529 410644 359422 377308 261555 250000 621728 710000 404138 306155 302485 261245 
435410 286011 264012 239284 312132 258114 512310 527200 483275 480789 444819 462491 435261 404138 435410 298494 252643 326716 100000 258114 354950 200000 320227 194340 381603 192195 185440 442345 531856 292094 330868 425575 270294 
280278 405941 362487 315407 416228 323607 552769 550000 522966 500000 483275 480000 473363 464005 450000 410483 343516 320000 258114 100000 323607 312132 192195 350799 223693 192195 276918 410161 495601 444819 185440 302485 163246 
369258 344131 292094 256205 323607 241421 751920 757647 722013 708276 682151 688557 672189 650000 659017 333238 276918 531741 354950 323607 100000 453553 262788 426956 378028 372947 430606 190554 280278 520595 392062 511096 386356 
490512 358070 350799 335372 391548 354950 416228 435410 387924 391548 350799 374591 341661 306155 350000 374591 343516 265529 200000 312132 453553 100000 394109 194340 424500 220416 136056 541814 631507 251327 359422 422490 292354 
230384 421403 370185 320227 420155 320227 644518 640370 614782 590408 575184 570425 565296 556070 540454 420155 350200 410644 320227 192195 262788 394109 100000 414006 216619 278885 360768 338537 417805 512310 234164 350000 250000 
529418 274642 281108 282483 311896 302237 493573 518807 467151 478021 432865 462352 424500 381780 439706 293132 280000 359422 194340 350799 426956 194340 414006 100000 473363 272627 214018 508044 594773 198995 417805 500125 353180 
176158 521070 473363 423883 525793 427567 609215 594773 581041 546430 543847 527200 534626 539090 498497 522966 453553 377308 381603 223693 378028 424500 216619 473363 100000 305913 388444 447131 518807 565188 172111 248661 234536 
370185 372947 342074 305183 394109 320227 480132 484708 450143 435410 410161 415752 400167 382843 386356 383019 326716 261555 192195 192195 372947 220416 278885 272627 305913 100000 184853 463456 552769 360000 245602 333452 180623 
454683 361725 346982 324722 392062 343516 427567 441760 398329 395466 359614 377308 350000 320906 350598 376586 337065 250000 185440 276918 430606 136056 360768 214018 388444 184853 100000 520119 610098 284391 323607 390689 256525 
422025 398329 352389 328473 368700 310238 842428 848131 812531 798713 772681 778970 762722 740078 749384 383196 341867 621728 442345 410161 190554 541814 338537 508044 447131 463456 520119 100000 190000 597695 472156 588262 473363 
482099 472156 431059 413209 438378 394109 932166 937257 902247 887718 862365 867919 852396 830068 838240 455106 423110 710000 531856 495601 280278 631507 417805 594773 518807 552769 610098 190000 100000 681893 551885 664358 558803 
624786 330000 354950 369258 370000 387924 475365 510365 453553 478021 426497 466197 420155 369072 449857 350000 359614 404138 292094 444819 520595 251327 512310 198995 565188 360000 284391 597695 681893 100000 504969 573814 438378 
247647 490512 447851 400832 501622 408707 539659 527551 511096 478550 473363 459026 464005 467151 429847 495601 428938 306155 330868 185440 392062 359422 234164 417805 172111 245602 323607 472156 551885 504969 100000 220416 167082 
310950 599800 560977 515933 614782 525441 504969 480132 480132 436155 448280 419061 440588 461248 394109 606952 542832 302485 425575 302485 511096 422490 350000 500125 248661 333452 390689 588262 664358 573814 220416 100000 258114 
306155 441760 404138 360768 457771 372029 496232 490512 466741 440588 427567 420624 417805 413847 390689 449285 386531 261245 270294 163246 386356 292354 250000 353180 234536 180623 256525 473363 558803 438378 167082 258114 100000 
TIME_WINDOW_SECTION
1 0 9600000
2 3350000 4550000
3 2540000 3740000
4 5370000 6570000
5 0 9050000
6 3750000 4950000
7 0 8910000
8 1460000 2660000
9 1490000 2690000
10 1940000 3140000
11 2460000 3660000
12 0 8990000
13 6210000 7410000
14 800000 2000000
15 0 9020000
16 0 9040000
17 4400000 5600000
18 0 9140000
19 3260000 4460000
20 5570000 6770000
21 3970000 5170000
22 390000 1590000
23 5660000 6860000
24 2680000 3880000
25 8220000 9420000
26 3950000 5150000
27 0 9140000
28 3490000 4690000
29 3590000 4790000
30 7130000 8330000
31 140000 1340000
32 8080000 9280000
33 0 9290000
DEPOT_SECTION
1 
-1
EOF
