NAME : rc_205.1
TYPE : TSPTW
DIMENSION : 14
EDGE_WEIGHT_TYPE : EXPLICIT
EDGE_WEIGHT_FORMAT : FULL_MATRIX
EDGE_WEIGHT_SECTION
0 430116 372022 360555 403112 308058 335410 353412 158114 92195 254951 274591 147648 171172 
530116 100000 158310 170711 150000 222066 211803 204403 382843 573814 400000 300998 536807 478550 
472022 158310 100000 120000 153852 164030 170000 172801 326716 517732 351794 250333 480789 423883 
460555 170711 120000 100000 150000 153852 150000 153852 312132 503112 354950 252971 476563 421403 
503112 150000 153852 150000 100000 201980 170711 158310 350000 539318 404138 302237 525793 471214 
408058 222066 164030 153852 201980 100000 158310 176158 264012 454683 311896 211803 423883 370185 
435410 211803 170000 150000 170711 158310 100000 120000 280278 468782 369258 270000 470540 420624 
453412 204403 172801 153852 158310 176158 120000 100000 297231 484187 387924 287883 490512 440588 
258114 382843 326716 312132 350000 264012 280278 297231 100000 291050 323607 280000 334094 308087 
192195 573814 517732 503112 539318 454683 468782 484187 291050 100000 441321 445398 337697 363059 
354950 400000 351794 354950 404138 311896 369258 387924 323607 441321 100000 201980 269706 206301 
374591 300998 250333 252971 302237 211803 270000 287883 280000 445398 201980 100000 341661 280278 
247647 536807 480789 476563 525793 423883 470540 490512 334094 337697 269706 341661 100000 164030 
271172 478550 423883 421403 471214 370185 420624 440588 308087 363059 206301 280278 164030 100000 
TIME_WINDOW_SECTION
1 0 9600000
2 430000 1860000
3 3080000 3680000
4 460000 2010000
5 3390000 4380000
6 3770000 4940000
7 330000 1660000
8 2470000 3070000
9 2140000 4210000
10 1870000 2470000
11 1910000 4100000
12 270000 5070000
13 140000 740000
14 2120000 6920000
DEPOT_SECTION
1 
-1
EOF
