NAME : rc_207.3
TYPE : TSPTW
DIMENSION : 33
EDGE_WEIGHT_TYPE : EXPLICIT
EDGE_WEIGHT_FORMAT : FULL_MATRIX
EDGE_WEIGHT_SECTION
0 380789 308058 393573 360555 403112 442041 430116 406079 372022 360555 403112 308058 335410 380789 353412 377359 372022 200000 180278 141421 158114 130384 100000 196469 254951 274591 120416 178885 42426 210950 171172 192354 
480789 100000 204403 130000 170711 150000 520000 500000 501123 473363 453553 450000 444819 404138 400000 401496 158310 186023 453553 490512 354950 382843 605964 391548 288680 600000 529418 461248 370185 498497 588365 589183 289737 
408058 204403 100000 200000 153852 201980 560977 541475 535660 503112 483275 492938 460000 433765 444819 437343 172801 164030 350799 462491 270000 350799 524853 334306 243178 574236 522019 419061 271172 417648 552769 542041 220416 
493573 130000 200000 100000 153852 120000 550000 530000 531045 503112 483275 480000 473630 433765 430000 431361 136056 164030 450570 514005 362487 404795 616236 408058 306155 624309 556180 481838 370740 508534 610882 609313 301246 
460555 170711 153852 153852 100000 150000 572652 552769 550444 520000 500000 503112 483275 450000 453553 450570 120000 120000 400000 503112 323607 391548 578539 382843 286011 614782 555412 464005 323607 471214 596488 589183 270294 
503112 150000 201980 120000 150000 100000 570000 550000 550999 522966 503112 500000 492938 453553 450000 451283 130000 153852 450000 530116 369258 420155 623927 420155 319317 640833 574236 496232 372947 516293 626308 623259 310950 
542041 520000 560977 550000 572652 570000 100000 120000 136056 170711 186023 170000 234536 230000 220000 223693 570956 592544 686003 377308 546542 397321 645894 467967 457771 400666 303961 424500 607740 584149 435410 483275 502492 
530116 500000 541475 530000 552769 550000 120000 100000 130000 158310 170711 150000 222066 211803 200000 204403 550999 572652 670087 369258 530116 382843 636656 453553 440000 400000 300998 413847 590918 572017 432415 478550 484708 
506079 501123 535660 531045 550444 550999 136056 130000 100000 136056 153852 158310 198995 201980 204403 200000 550000 570425 652177 341661 513401 362487 610000 433017 426956 370000 271172 388444 575079 548219 402655 449285 471618 
472022 473363 503112 503112 520000 522966 170711 158310 136056 100000 120000 153852 164030 170000 186023 172801 520476 540000 616140 311896 477359 326716 578539 397321 391548 351794 250333 355539 539090 514005 380179 423883 436155 
460555 453553 483275 483275 500000 503112 186023 170711 153852 120000 100000 150000 153852 150000 170711 153852 500500 520000 600000 306155 460555 312132 570106 382843 373130 354950 252971 345967 521900 502244 380179 421403 417805 
503112 450000 492938 480000 503112 500000 170000 150000 158310 153852 150000 100000 201980 170711 150000 158310 501123 522966 631507 354950 490512 350000 616236 420155 396816 404138 302237 391548 550000 544185 430151 471214 441321 
408058 444819 460000 473630 483275 492938 234536 222066 198995 164030 153852 201980 100000 158310 204403 176158 486394 503112 554863 252971 417648 264012 516293 334306 337697 311896 211803 292354 480132 450000 331948 370185 381603 
435410 404138 433765 433765 450000 453553 230000 211803 201980 170000 150000 170711 158310 100000 150000 120000 450570 470000 560977 300000 420155 280278 552217 350000 328254 369258 270000 328035 480132 475899 386356 420624 372947 
480789 400000 444819 430000 453553 450000 220000 200000 204403 186023 170711 150000 204403 150000 100000 130000 451283 473363 594975 350000 453553 323607 600000 391548 356125 416228 315407 376586 511096 520476 435410 470540 400000 
453412 401496 437343 431361 450570 451283 223693 204403 200000 172801 153852 158310 176158 120000 130000 100000 450000 470540 574236 320000 433017 297231 571275 366271 338537 387924 287883 347386 492046 493573 405941 440588 383019 
477359 158310 172801 136056 120000 130000 570956 550999 550000 520476 500500 501123 486394 450570 451283 450000 100000 128284 420000 513401 341661 402324 596588 397321 298494 624786 562385 476431 343311 489101 608035 602494 286011 
472022 186023 164030 164030 120000 153852 592544 572652 570425 540000 520000 522966 503112 470000 473363 470540 128284 100000 400666 520595 333238 408869 587647 397321 302485 632353 574342 480132 328035 480789 613128 604480 283848 
300000 453553 350799 450570 400000 450000 686003 670087 652177 616140 600000 631507 554863 560977 594975 574236 420000 400666 100000 464005 241421 391548 346982 323607 342074 552769 555412 400832 189443 272627 510488 470540 302485 
280278 490512 462491 514005 503112 530116 377308 369258 341661 311896 306155 354950 252971 300000 350000 320000 513401 520595 464005 100000 350000 211803 369258 250000 319317 211803 194340 163246 410644 322036 200000 221655 350000 
241421 354950 270000 362487 323607 369258 546542 530116 513401 477359 460555 490512 417648 420155 453553 433017 341661 333238 241421 350000 100000 258114 354950 200000 202956 453553 433765 291050 163246 247647 420155 395466 170711 
258114 382843 350799 404795 391548 420155 397321 382843 362487 326716 312132 350000 264012 280278 323607 297231 402324 408869 391548 211803 258114 100000 382843 170711 207703 323607 280000 180623 321359 296977 306155 308087 241421 
230384 605964 524853 616236 578539 623927 645894 636656 610000 578539 570106 616236 516293 552217 600000 571275 596588 587647 346982 369258 354950 382843 100000 330217 425575 400000 456090 324722 370185 207703 350000 294165 416228 
200000 391548 334306 408058 382843 420155 467967 453553 433017 397321 382843 420155 334306 350000 391548 366271 397321 397321 323607 250000 200000 170711 330217 100000 202956 354950 335372 192195 261245 233417 324722 308087 214018 
296469 288680 243178 306155 286011 319317 457771 440000 426956 391548 373130 396816 337697 328254 356125 338537 298494 302485 342074 319317 202956 207703 425575 202956 100000 431059 382843 278045 255562 320906 410644 404138 144721 
354950 600000 574236 624309 614782 640833 400666 400000 370000 351794 354950 404138 311896 369258 416228 387924 624786 632353 552769 211803 453553 323607 400000 354950 431059 100000 201980 262788 511096 391204 150000 206301 460555 
374591 529418 522019 556180 555412 574236 303961 300998 271172 250333 252971 302237 211803 270000 315407 287883 562385 574342 555412 194340 433765 280000 456090 335372 382843 201980 100000 256525 496232 416228 231529 280278 420624 
220416 461248 419061 481838 464005 496232 424500 413847 388444 355539 345967 391548 292354 328035 376586 347386 476431 480132 400832 163246 291050 180623 324722 192195 278045 262788 256525 100000 350000 262788 234164 228062 301246 
278885 370185 271172 370740 323607 372947 607740 590918 575079 539090 521900 550000 480132 480132 511096 492046 343311 328035 189443 410644 163246 321359 370185 261245 255562 511096 496232 350000 100000 270294 474833 444819 214018 
142426 498497 417648 508534 471214 516293 584149 572017 548219 514005 502244 544185 450000 475899 520476 493573 489101 480789 272627 322036 247647 296977 207703 233417 320906 391204 416228 262788 270294 100000 345153 300250 308806 
310950 588365 552769 610882 596488 626308 435410 432415 402655 380179 380179 430151 331948 386356 435410 405941 608035 613128 510488 200000 420155 306155 350000 324722 410644 150000 231529 234164 474833 345153 100000 156569 435410 
271172 589183 542041 609313 589183 623259 483275 478550 449285 423883 421403 471214 370185 420624 470540 440588 602494 604480 470540 221655 395466 308087 294165 308087 404138 206301 280278 228062 444819 300250 156569 100000 422025 
292354 289737 220416 301246 270294 310950 502492 484708 471618 436155 417805 441321 381603 372947 400000 383019 286011 283848 302485 350000 170711 241421 416228 214018 144721 460555 420624 301246 214018 308806 435410 422025 100000 
TIME_WINDOW_SECTION
1 0 9600000
2 5910000 8740000
3 730000 3500000
4 4730000 5880000
5 4180000 9130000
6 400000 3900000
7 3960000 9050000
8 430000 7120000
9 5300000 7030000
10 1310000 5440000
11 360000 8000000
12 2330000 5440000
13 2070000 6640000
14 330000 6240000
15 5490000 7180000
16 620000 4910000
17 370000 6770000
18 4350000 6620000
19 2840000 5850000
20 5680000 7530000
21 4210000 8960000
22 2300000 4050000
23 4230000 8280000
24 4410000 9020000
25 2110000 9300000
26 2010000 4000000
27 270000 3820000
28 3690000 4600000
29 1000000 5390000
30 3240000 5130000
31 2980000 9280000
32 3850000 5180000
33 2620000 9300000
DEPOT_SECTION
1 
-1
EOF
