NAME : rc_203.2.txt
TYPE : TSPTW
DIMENSION : 33
EDGE_WEIGHT_TYPE : EXPLICIT
EDGE_WEIGHT_FORMAT : FULL_MATRIX
EDGE_WEIGHT_SECTION
0 308058 360555 451774 400500 350570 450000 350000 450444 442041 430116 406079 360555 335410 450444 380526 250000 180278 141421 180278 269258 390512 130384 100000 196469 254951 274591 429418 120416 270185 382099 524786 192354 
408058 100000 153852 833757 780074 732456 822772 726418 818053 560977 541475 535660 483275 433765 828011 760983 550999 462491 270000 588262 265529 798140 524853 334306 243178 574236 522019 835731 419061 678014 619711 932166 220416 
460555 153852 100000 887464 833757 786222 876209 780074 871298 572652 552769 550444 500000 450000 881601 814703 602494 503112 323607 640833 306155 850000 578539 382843 286011 614782 555412 888923 464005 730078 665684 985099 270294 
551774 833757 887464 100000 153852 201980 140000 207703 160000 932406 927102 898123 866877 858024 120000 172801 414006 660892 667539 405941 721772 358070 421403 651453 746297 642310 729365 274642 632353 372947 472156 330000 733482 
500500 780074 833757 153852 100000 150000 153852 153852 164030 890569 884474 855843 822772 811969 150000 120000 362487 616624 614198 362487 668243 350799 370185 600400 694138 605371 688727 281108 585077 342074 431059 354950 680516 
450570 732456 786222 201980 150000 100000 201980 120000 207703 843303 836817 808378 774462 762873 200000 130000 326716 568402 565725 315407 624786 335372 320227 550444 644518 561411 642310 282483 535660 305183 413209 369258 631507 
550000 822772 876209 140000 153852 201980 100000 200000 120000 944334 938153 909568 876209 864853 120000 172801 391548 670087 659017 416228 704152 391548 420155 650000 741950 659017 742573 311896 637587 394109 438378 370000 726498 
450000 726418 780074 207703 153852 120000 200000 100000 201980 850267 843303 815122 780074 767083 201980 136056 312132 574342 560977 323607 614782 354950 320227 550000 642310 571699 650364 302237 539318 320227 394109 387924 627731 
550444 818053 871298 160000 164030 207703 120000 201980 100000 950941 944334 915966 881601 869024 140000 180623 381780 675674 655787 423110 696154 408869 421403 650364 740703 668243 750000 330868 641295 406105 422025 390000 723939 
542041 560977 572652 932406 890569 843303 944334 850267 950941 100000 120000 136056 186023 230000 938153 871622 792026 377308 546542 628110 676975 750308 645894 467967 457771 400666 303961 833348 424500 668859 921340 900000 502492 
530116 541475 552769 927102 884474 836817 938153 843303 944334 120000 100000 130000 170711 211803 932406 865376 780074 369258 530116 622015 659017 750000 636656 453553 440000 400000 300998 831710 413847 665684 908084 900250 484708 
506079 535660 550444 898123 855843 808378 909568 815122 915966 136056 130000 100000 153852 201980 903617 836817 756048 341661 513401 593356 646260 720000 610000 433017 426956 370000 271172 801783 388444 636004 885684 870260 471618 
460555 483275 500000 866877 822772 774462 876209 780074 881601 186023 170711 153852 100000 150000 871298 803420 710328 306155 460555 560977 592443 702080 570106 382843 373130 354950 252971 780000 345967 610882 837564 853259 417805 
435410 433765 450000 858024 811969 762873 864853 767083 869024 230000 211803 201980 150000 100000 861183 792315 683095 300000 420155 552769 547214 708276 552217 350000 328254 369258 270000 781836 328035 610392 806045 859539 372947 
550444 828011 881601 120000 150000 200000 120000 201980 140000 938153 932406 903617 871298 861183 100000 170000 402324 665155 662939 410483 712699 374591 420155 650364 743817 650364 735689 293132 634603 383019 455106 350000 729682 
480526 760983 814703 172801 120000 130000 172801 136056 180623 871622 865376 836817 803420 792315 170000 100000 347588 597293 594773 343516 650727 343516 350200 580416 674282 587647 670087 280000 565296 326716 423110 359614 660892 
350000 550999 602494 414006 362487 326716 391548 312132 381780 792026 780074 756048 710328 683095 402324 347588 100000 524264 404138 354950 416228 512310 274642 435410 502616 571699 616624 493573 468782 420155 243178 588774 474833 
280278 462491 503112 660892 616624 568402 670087 574342 675674 377308 369258 341661 306155 300000 665155 597293 524264 100000 350000 354950 500000 512310 369258 250000 319317 211803 194340 582597 163246 410644 660803 662939 350000 
241421 270000 323607 667539 614198 565725 659017 560977 655787 546542 530116 513401 460555 420155 662939 594773 404138 350000 100000 420155 250000 631507 354950 200000 202956 453553 433765 666039 291050 511096 502492 762873 170711 
280278 588262 640833 405941 362487 315407 416228 323607 423110 628110 622015 593356 560977 552769 410483 343516 354950 354950 420155 100000 530116 312132 192195 369258 471618 350000 426956 350799 330217 192195 495601 444819 472156 
369258 265529 306155 721772 668243 624786 704152 614782 696154 676975 659017 646260 592443 547214 712699 650727 416228 500000 250000 530116 100000 740311 447131 350000 319317 602494 582597 757951 440588 622015 461248 856902 274642 
490512 798140 850000 358070 350799 335372 391548 354950 408869 750308 750000 720000 702080 708276 374591 343516 512310 512310 631507 312132 740311 100000 394109 571699 674543 450000 550444 194340 512310 220416 631507 251327 680086 
230384 524853 578539 421403 370185 320227 420155 320227 421403 645894 636656 610000 570106 552217 420155 350200 274642 369258 354950 192195 447131 394109 100000 330217 425575 400000 456090 414006 324722 278885 417805 512310 416228 
200000 334306 382843 651453 600400 550444 650000 550000 650364 467967 453553 433017 382843 350000 650364 580416 435410 250000 200000 369258 350000 571699 330217 100000 202956 354950 335372 620000 192195 453553 556070 712699 214018 
296469 243178 286011 746297 694138 644518 741950 642310 740703 457771 440000 426956 373130 328254 743817 674282 502616 319317 202956 471618 319317 674543 425575 202956 100000 431059 382843 722415 278045 556508 605371 815542 144721 
354950 574236 614782 642310 605371 561411 659017 571699 668243 400666 400000 370000 354950 369258 650364 587647 571699 211803 453553 350000 602494 450000 400000 354950 431059 100000 201980 532897 262788 372029 714003 600400 460555 
374591 522019 555412 729365 688727 642310 742573 650364 750000 303961 300998 271172 252971 270000 735689 670087 616624 194340 433765 426956 582597 550444 456090 335372 382843 201980 100000 630848 256525 464966 754369 701332 420624 
529418 835731 888923 274642 281108 282483 311896 302237 330868 833348 831710 801783 780000 781836 293132 280000 493573 582597 666039 350799 757951 194340 414006 620000 722415 532897 630848 100000 572969 272627 594773 198995 721772 
220416 419061 464005 632353 585077 535660 637587 539318 641295 424500 413847 388444 345967 328035 634603 565296 468782 163246 291050 330217 440588 512310 324722 192195 278045 262788 256525 572969 100000 400832 602494 659732 301246 
370185 678014 730078 372947 342074 305183 394109 320227 406105 668859 665684 636004 610882 610392 383019 326716 420155 410644 511096 192195 622015 220416 278885 453553 556508 372029 464966 272627 400832 100000 552769 360000 560435 
482099 619711 665684 472156 431059 413209 438378 394109 422025 921340 908084 885684 837564 806045 455106 423110 243178 660803 502492 495601 461248 631507 417805 556070 605371 714003 754369 594773 602494 552769 100000 681893 570106 
624786 932166 985099 330000 354950 369258 370000 387924 390000 900000 900250 870260 853259 859539 350000 359614 588774 662939 762873 444819 856902 251327 512310 712699 815542 600400 701332 198995 659732 360000 681893 100000 816938 
292354 220416 270294 733482 680516 631507 726498 627731 723939 502492 484708 471618 417805 372947 729682 660892 474833 350000 170711 472156 274642 680086 416228 214018 144721 460555 420624 721772 301246 560435 570106 816938 100000 
TIME_WINDOW_SECTION
1 0 9600000
2 0 9190000
3 6440000 7640000
4 0 9040000
5 0 9090000
6 0 9140000
7 0 9050000
8 3750000 4950000
9 2010000 3210000
10 6570000 7770000
11 430000 1630000
12 0 9090000
13 640000 1840000
14 330000 1530000
15 0 9040000
16 4400000 5600000
17 0 9250000
18 0 9310000
19 5990000 7190000
20 5570000 6770000
21 0 9230000
22 0 9100000
23 5660000 6860000
24 6120000 7320000
25 8100000 9300000
26 0 9240000
27 0 9220000
28 2680000 3880000
29 0 9370000
30 3950000 5150000
31 3590000 4790000
32 0 8970000
33 8100000 9300000
DEPOT_SECTION
1 
-1
EOF
