NAME : rc_208.3
TYPE : TSPTW
DIMENSION : 36
EDGE_WEIGHT_TYPE : EXPLICIT
EDGE_WEIGHT_FORMAT : FULL_MATRIX
EDGE_WEIGHT_SECTION
0 380789 308058 393573 360555 403112 333017 353553 390512 335410 316228 335261 323883 380789 353553 392938 412310 403112 377359 372022 383275 250000 200000 141421 424264 269258 100000 196469 392938 325575 384708 322025 382099 178885 205182 192354 
480789 100000 204403 130000 170711 150000 222066 241421 211803 622015 574342 581041 534626 638516 547214 605371 614782 571699 158310 186023 561411 650000 453553 354950 767083 369258 391548 288680 439706 436155 354950 711309 723699 370185 600100 289737 
408058 204403 100000 200000 153852 201980 140000 170000 186023 517612 470000 476962 431059 534626 444819 503112 513401 472022 172801 164030 460555 550999 350799 270000 662939 265529 334306 243178 350000 336008 274642 610098 619711 271172 501995 220416 
493573 130000 200000 100000 153852 120000 207703 222066 186023 614198 565725 571275 523792 628110 534626 592443 600899 556508 136056 164030 547214 650818 450570 362487 760983 359614 408058 306155 420155 422025 333452 710082 718142 370740 601597 301246 
460555 170711 153852 153852 100000 150000 153852 170711 150000 560977 512310 517612 470000 574342 480789 538634 547214 503112 120000 120000 493573 602494 400000 323607 708276 306155 382843 286011 369072 368328 284391 660089 665684 323607 553982 270294 
503112 150000 201980 120000 150000 100000 201980 211803 170711 609902 560977 565725 517612 622015 527200 584665 592443 547214 130000 153852 538634 652268 450000 369258 757647 354950 420155 319317 408058 413847 320227 710082 715224 372947 603587 310950 
433017 222066 140000 207703 153852 201980 100000 130000 158310 507921 459026 464005 416228 520595 426956 484838 493573 449857 172801 150000 440000 555412 350799 292094 655787 252971 366271 280278 319317 314709 238924 610882 613517 280278 507921 252643 
453553 241421 170000 222066 170711 211803 130000 100000 150000 503112 453553 456931 408058 512310 416228 473363 480789 435410 186023 158310 426956 560977 354950 312132 652268 250000 391548 308806 298494 302485 214018 613517 610882 292354 514849 278885 
490512 211803 186023 186023 150000 170711 158310 150000 100000 552769 503112 506079 456931 560977 464005 520595 527200 480789 153852 130000 473363 609902 404138 350000 702080 300000 420155 328254 338537 350000 250000 663205 660803 337697 563249 306155 
435410 622015 517612 614198 560977 609902 507921 503112 552769 100000 150000 153852 201980 150000 211803 194340 211803 241421 580521 557056 228062 258114 280278 420155 250000 354950 490512 522019 362487 310950 432415 255562 211803 369258 260000 482753 
416228 574342 470000 565725 512310 560977 459026 453553 503112 150000 100000 120000 153852 170711 170711 180000 200000 211803 531741 507921 194340 280278 241421 382843 300000 306155 460555 482884 315407 261245 382843 294165 261245 328035 267631 442053 
435261 581041 476962 571275 517612 565725 464005 456931 506079 153852 120000 100000 150000 158310 158310 160000 180000 194340 536807 512310 178102 297231 256205 397321 300998 311896 477359 496232 308806 260000 380713 306155 264924 340832 286815 454683 
423883 534626 431059 523792 470000 517612 416228 408058 456931 201980 153852 150000 100000 204403 130000 178102 194340 180000 488973 464005 160000 326716 230000 366271 350799 265529 453412 461248 261555 210000 330868 346982 313776 306155 305913 418277 
480789 638516 534626 628110 574342 622015 520595 512310 560977 150000 170711 158310 204403 100000 200000 158310 170711 211803 593356 568402 204403 306155 312132 453553 258114 369258 530116 553431 351794 312132 430151 294165 230384 398329 310000 512310 
453553 547214 444819 534626 480789 527200 426956 416228 464005 211803 170711 158310 130000 200000 100000 158310 170711 150000 499249 473363 130000 350000 258114 391548 354950 280278 480789 484187 252971 214018 330217 364008 321359 330217 332594 440588 
492938 605371 503112 592443 538634 584665 484838 473363 520595 194340 180000 160000 178102 158310 158310 100000 120000 153852 556946 530813 150000 350799 305913 444093 315407 338537 529418 539318 300000 270880 382843 348395 288680 384253 345153 496232 
512310 614782 513401 600899 547214 592443 493573 480789 527200 211803 200000 180000 194340 170711 170711 120000 100000 150000 565188 538634 153852 369258 323607 460555 323607 350000 547214 554533 300998 278885 386356 364008 300000 400000 364764 511096 
503112 571699 472022 556508 503112 547214 449857 435410 480789 241421 211803 194340 180000 211803 150000 153852 150000 100000 520595 493573 120000 391548 306155 435410 369258 312132 527200 524382 251327 236015 337697 396985 341867 372947 378568 480132 
477359 158310 172801 136056 120000 130000 172801 186023 153852 580521 531741 536807 488973 593356 499249 556946 565188 520595 100000 128284 511461 622398 420000 341661 728013 325610 397321 298494 384253 386356 297990 680086 685491 343311 573814 286011 
472022 186023 164030 164030 120000 153852 150000 158310 130000 557056 507921 512310 464005 568402 473363 530813 538634 493573 128284 100000 484838 604876 400666 333238 705310 302237 397321 302485 356125 360000 269706 660803 663205 328035 557056 283848 
483275 561411 460555 547214 493573 538634 440000 426956 473363 228062 194340 178102 160000 204403 130000 150000 153852 120000 511461 484838 100000 374591 286815 417648 362487 298494 508534 508044 250000 225300 333452 383196 332594 355539 360000 464005 
350000 650000 550999 650818 602494 652268 555412 560977 609902 258114 280278 297231 326716 306155 350000 350799 369258 391548 622398 604876 374591 100000 306155 404138 280278 416228 435410 502616 478021 410644 524853 172111 243178 380179 150990 474833 
300000 453553 350799 450570 400000 450000 350799 354950 404138 280278 241421 256205 230000 312132 258114 305913 323607 306155 420000 400666 286815 306155 100000 241421 416228 211803 323607 342074 305913 234164 328035 360192 372029 189443 261555 302485 
241421 354950 270000 362487 323607 369258 292094 312132 350000 420155 382843 397321 366271 453553 391548 444093 460555 435410 341661 333238 417648 404138 241421 100000 547214 250000 200000 202956 380000 323607 352982 471080 502492 163246 353180 170711 
524264 767083 662939 760983 708276 757647 655787 652268 702080 250000 300000 300998 350799 258114 354950 315407 323607 369258 728013 705310 362487 280278 416228 547214 100000 503112 600000 650091 507921 460555 581664 217047 144721 504969 319317 614782 
369258 369258 265529 359614 306155 354950 252971 250000 300000 354950 306155 311896 265529 369258 280278 338537 350000 312132 325610 302237 298494 416228 211803 250000 503112 100000 350000 319317 230000 180623 220416 464966 461248 192195 373130 274642 
200000 391548 334306 408058 382843 420155 366271 391548 420155 490512 460555 477359 453412 530116 480789 529418 547214 527200 397321 397321 508534 435410 323607 200000 600000 350000 100000 202956 480000 422490 449285 507063 556070 261245 386531 214018 
296469 288680 243178 306155 286011 319317 280278 308806 328254 522019 482884 496232 461248 553431 484187 539318 554533 524382 298494 302485 508044 502616 342074 202956 650091 319317 202956 100000 442053 399666 390172 571275 605371 255562 451710 144721 
492938 439706 350000 420155 369072 408058 319317 298494 338537 362487 315407 308806 261555 351794 252971 300000 300998 251327 384253 356125 250000 478021 305913 380000 507921 230000 480000 442053 100000 172111 189443 507063 473630 320906 446554 398329 
425575 436155 336008 422025 368328 413847 314709 302485 350000 310950 261245 260000 210000 312132 214018 270880 278885 236015 386356 360000 225300 410644 234164 323607 460555 180623 422490 399666 172111 100000 221655 445398 422490 261245 376586 354950 
484708 354950 274642 333452 284391 320227 238924 214018 250000 432415 382843 380713 330868 430151 330217 382843 386356 337697 297990 269706 333452 524853 328035 352982 581664 220416 449285 390172 189443 221655 100000 564866 544072 305913 485876 350200 
422025 711309 610098 710082 660089 710082 610882 613517 663205 255562 294165 306155 346982 294165 364008 348395 364008 396985 680086 660803 383196 172111 360192 471080 217047 464966 507063 571275 507063 445398 564866 100000 190000 441321 220830 541475 
482099 723699 619711 718142 665684 715224 613517 610882 660803 211803 261245 264924 313776 230384 321359 288680 300000 341867 685491 663205 332594 243178 372029 502492 144721 461248 556070 605371 473630 422490 544072 190000 100000 460555 278045 570106 
278885 370185 271172 370740 323607 372947 280278 292354 337697 369258 328035 340832 306155 398329 330217 384253 400000 372947 343311 328035 355539 380179 189443 163246 504969 192195 261245 255562 320906 261245 305913 441321 460555 100000 330868 214018 
305183 600100 501995 601597 553982 603587 507921 514849 563249 260000 267631 286815 305913 310000 332594 345153 364764 378568 573814 557056 360000 150990 261555 353180 319317 373130 386531 451710 446554 376586 485876 220830 278045 330868 100000 423883 
292354 289737 220416 301246 270294 310950 252643 278885 306155 482753 442053 454683 418277 512310 440588 496232 511096 480132 286011 283848 464005 474833 302485 170711 614782 274642 214018 144721 398329 354950 350200 541475 570106 214018 423883 100000 
TIME_WINDOW_SECTION
1 0 9600000
2 3880000 9110000
3 300000 5460000
4 3530000 7080000
5 4250000 9130000
6 400000 6300000
7 2280000 6670000
8 1610000 5580000
9 2290000 6240000
10 2130000 6480000
11 4040000 7530000
12 330000 5110000
13 460000 5190000
14 3950000 9110000
15 350000 6970000
16 390000 5280000
17 940000 5350000
18 3940000 9090000
19 370000 5970000
20 3150000 7820000
21 380000 6060000
22 250000 5160000
23 2390000 6300000
24 4200000 8970000
25 420000 7060000
26 4010000 9230000
27 4360000 9070000
28 3300000 9300000
29 1350000 5560000
30 1900000 6590000
31 2150000 6080000
32 2120000 6050000
33 2720000 5650000
34 900000 5490000
35 1490000 5860000
36 3560000 9300000
DEPOT_SECTION
1 
-1
EOF
