NAME : rc_203.3
TYPE : TSPTW
DIMENSION : 37
EDGE_WEIGHT_TYPE : EXPLICIT
EDGE_WEIGHT_FORMAT : FULL_MATRIX
EDGE_WEIGHT_SECTION
0 335410 316228 323883 380789 353553 403112 452769 585235 570088 557136 522015 520000 502892 510784 514782 474342 383275 353412 335410 200000 471699 424264 291548 252982 360555 570088 499800 325575 384708 76157 354683 210950 171172 206155 155242 481664 
435410 100000 150000 201980 150000 211803 241421 490512 951468 950000 921523 900000 881601 880000 871622 856636 850000 228062 720000 574342 280278 354950 250000 650000 644518 280278 404138 445398 310950 432415 488973 643415 637587 587647 560435 588467 280278 
416228 150000 100000 153852 170711 170711 211803 530116 955862 951468 926075 901561 886384 881601 876466 864853 851664 194340 722013 592443 241421 404138 300000 652268 640370 323607 453553 492173 261245 382843 476563 656597 623927 576760 560977 571275 328035 
423883 201980 153852 100000 204403 130000 180000 582597 982836 975728 953287 926075 913940 906225 904114 895550 876466 160000 747765 632353 230000 456931 350799 678705 660803 377308 501123 545982 210000 330868 490512 692368 634603 590918 586621 578539 372947 
480789 150000 170711 204403 100000 200000 211803 524264 1001390 1000000 971436 950000 931505 930000 921523 906225 900000 204403 770000 622015 312132 369258 258114 700000 694138 312132 400000 467151 312132 430151 536807 692284 685235 636004 610392 634883 270294 
453553 211803 170711 130000 200000 100000 150000 600000 1012410 1005540 982836 955862 943445 936001 933607 924621 906225 130000 777422 659017 258114 464005 354950 708276 690762 391548 500000 556946 214018 330217 520476 720322 664358 620865 616236 608035 370185 
503112 241421 211803 180000 211803 150000 100000 631507 1061770 1055250 1032149 1005540 992693 985664 982836 973212 955862 120000 826911 704152 306155 480789 369258 757647 740703 420155 503112 578853 236015 337697 570425 767307 714003 670789 665684 657315 372947 
552769 490512 530116 582597 524264 600000 631507 100000 750000 770820 722415 726498 686003 709016 676975 638516 683095 618556 576340 350000 574342 306155 391548 524264 570106 312132 400000 221655 677062 793542 536807 432865 637122 583011 482753 629245 436155 
685235 951468 955862 982836 1001390 1012410 1061770 750000 100000 150000 130000 170711 170000 186023 180000 211803 211803 1042020 335372 512310 876209 924621 955862 404138 432415 856636 1034080 868960 1008020 1067730 609215 427567 504969 520476 496232 566476 1017880 
670087 950000 951468 975728 1000000 1005540 1055250 770820 150000 100000 158310 150000 186023 170000 194340 241421 200000 1035360 330000 527200 864853 938153 963134 400000 417805 864853 1048680 887909 994985 1049210 594773 441760 480132 501622 490512 542832 1025740 
657136 921523 926075 953287 971436 982836 1032149 722415 130000 158310 100000 153852 140000 164030 150000 186023 186023 1012410 306155 483275 847261 895550 926075 374591 404631 826911 1005210 840945 979318 1040210 581041 398329 480132 493573 466741 541022 988144 
622015 900000 901561 926075 950000 955862 1005540 726498 170711 150000 153852 100000 153852 120000 158310 211803 150000 985664 280000 480789 815891 890569 913940 350000 369258 815891 1001390 842496 946463 1002500 546430 395466 436155 454683 440588 498246 976641 
620000 881601 886384 913940 931505 943445 992693 686003 170000 186023 140000 153852 100000 150000 110000 158310 158310 972983 267631 444819 808802 856902 886384 335372 368328 787314 966832 803847 941190 1003770 543847 359614 448280 458469 427567 508044 948528 
602892 880000 881601 906225 930000 936001 985664 709016 186023 170000 164030 120000 150000 100000 150990 204403 130000 965794 260000 462491 796348 871622 894292 330000 350000 796348 982553 824500 927102 983912 527200 377308 419061 436155 420624 480789 957030 
610784 871622 876466 904114 921523 933607 982836 676975 180000 194340 150000 158310 110000 150990 100000 153852 153852 963134 258114 435261 799214 847261 876466 325610 359422 777422 957263 794621 931685 994707 534626 350000 440588 449857 417805 500000 938630 
614782 856636 864853 895550 906225 924621 973212 638516 211803 241421 186023 211803 158310 204403 153852 100000 200000 953756 264012 404138 796419 815891 851664 323607 370185 751920 924621 757875 930059 999444 539090 320906 461248 462352 413847 517253 913019 
574342 850000 851664 876466 900000 906225 955862 683095 211803 200000 186023 150000 158310 130000 153852 200000 100000 936001 230000 435410 767083 843303 864853 300000 321359 767083 954400 797711 898123 956154 498497 350598 394109 408707 390689 455106 927647 
483275 228062 194340 160000 204403 130000 120000 618556 1042020 1035360 1012410 985664 972983 965794 963134 953756 936001 100000 807107 686003 286815 473363 362487 737886 720725 408058 501123 569574 225300 333452 550444 748460 694138 650818 645894 637587 370740 
453412 720000 722013 747765 770000 777422 826911 576340 335372 330000 306155 280000 267631 260000 258114 264012 230000 807107 100000 326716 641202 722415 737886 170000 206301 641202 834098 685235 773573 837902 377308 250000 302485 298494 261245 354950 800927 
435410 574342 592443 632353 622015 659017 704152 350000 512310 527200 483275 480789 444819 462491 435261 404138 435410 686003 326716 100000 560977 512310 550000 280278 337697 450000 622015 462352 692030 785930 381603 185440 425575 380713 270294 440000 610392 
300000 280278 241421 230000 312132 258114 306155 574342 876209 864853 847261 815891 808802 796348 799214 796419 767083 286815 641202 560977 100000 503112 416228 574342 547214 400000 574342 570956 234164 328035 371662 607740 510488 470540 482753 452278 457771 
571699 354950 404138 456931 369258 464005 480789 306155 924621 938153 895550 890569 856902 871622 847261 815891 843303 473363 722415 512310 503112 100000 211803 659017 685235 211803 211803 206301 565296 686941 589183 597293 722895 666392 590918 694643 236015 
524264 250000 300000 350799 258114 354950 369258 391548 955862 963134 926075 913940 886384 894292 876466 851664 864853 362487 737886 550000 416228 211803 100000 670087 683095 200000 258114 314009 460555 581664 558039 630848 702080 647083 590408 664004 163246 
391548 650000 652268 678705 700000 708276 757647 524264 404138 400000 374591 350000 335372 330000 325610 323607 300000 737886 170000 280278 574342 659017 670087 100000 170711 574342 770820 628015 707454 776018 316333 221655 274642 252643 192195 314709 733246 
352982 644518 640370 660803 694138 690762 740703 570106 432415 417805 404631 369258 368328 350000 359422 370185 321359 720725 206301 337697 547214 685235 683095 170711 100000 591935 796419 665862 677235 735610 277200 290263 204403 192195 194340 250000 746220 
460555 280278 323607 377308 312132 391548 420155 312132 856636 864853 826911 815891 787314 796348 777422 751920 767083 408058 641202 450000 400000 211803 200000 574342 591935 100000 312132 272627 479473 600000 481838 531045 620096 564004 498121 587955 261245 
670087 404138 453553 501123 400000 500000 503112 400000 1034080 1048680 1005210 1001390 966832 982553 957263 924621 954400 501123 834098 622015 574342 211803 258114 770820 796419 312132 100000 281108 610882 730078 693970 707289 831095 774759 702080 800071 230384 
599800 445398 492173 545982 467151 556946 578853 221655 868960 887909 840945 842496 803847 824500 794621 757875 797711 569574 685235 462352 570956 206301 314009 628015 665862 272627 281108 100000 650818 771863 601199 547214 720081 664004 573814 702080 342074 
425575 310950 261245 210000 312132 214018 236015 677062 1008020 994985 979318 946463 941190 927102 931685 930059 898123 225300 773573 692030 234164 565296 460555 707454 677235 479473 610882 650818 100000 221655 500250 741405 631507 596488 616236 570425 482099 
484708 432415 382843 330868 430151 330217 337697 793542 1067730 1049210 1040210 1002500 1003770 983912 994707 999444 956154 333452 837902 785930 328035 686941 581664 776018 735610 600000 730078 771863 221655 100000 560652 826223 672800 647814 688303 609608 600400 
176158 488973 476563 490512 536807 520476 570425 536807 609215 594773 581041 546430 543847 527200 534626 539090 498497 550444 377308 381603 371662 589183 558039 316333 277200 481838 693970 601199 500250 560652 100000 388444 248661 200499 234536 206301 618652 
454683 643415 656597 692368 692284 720322 767307 432865 427567 441760 398329 395466 359614 377308 350000 320906 350598 748460 250000 185440 607740 597293 630848 221655 290263 531045 707289 547214 741405 826223 388444 100000 390689 357099 256525 420155 692115 
310950 637587 623927 634603 685235 664358 714003 637122 504969 480132 480132 436155 448280 419061 440588 461248 394109 694138 302485 425575 510488 722895 702080 274642 204403 620096 831095 720081 631507 672800 248661 390689 100000 156569 258114 163246 763702 
271172 587647 576760 590918 636004 620865 670789 583011 520476 501622 493573 454683 458469 436155 449857 462352 408707 650818 298494 380713 470540 666392 647083 252643 192195 564004 774759 664004 596488 647814 200499 357099 156569 100000 210454 163246 709016 
306155 560435 560977 586621 610392 616236 665684 482753 496232 490512 466741 440588 427567 420624 417805 413847 390689 645894 261245 270294 482753 590918 590408 192195 194340 498121 702080 573814 616236 688303 234536 256525 258114 210454 100000 270294 653623 
255242 588467 571275 578539 634883 608035 657315 629245 566476 542832 541022 498246 508044 480789 500000 517253 455106 637587 354950 440000 452278 694643 664004 314709 250000 587955 800071 702080 570425 609608 206301 420155 163246 163246 270294 100000 724260 
581664 280278 328035 372947 270294 370185 372947 436155 1017880 1025740 988144 976641 948528 957030 938630 913019 927647 370740 800927 610392 457771 236015 163246 733246 746220 261245 230384 342074 482099 600400 618652 692115 763702 709016 653623 724260 100000 
TIME_WINDOW_SECTION
1 0 9600000
2 3710000 4910000
3 5190000 6390000
4 0 9170000
5 6530000 7730000
6 0 9140000
7 7030000 8230000
8 7840000 9040000
9 0 8910000
10 1460000 2660000
11 0 8940000
12 0 8970000
13 2460000 3660000
14 0 8990000
15 0 8980000
16 800000 2000000
17 0 9020000
18 0 9110000
19 0 9140000
20 0 9160000
21 3750000 4950000
22 7820000 9020000
23 0 9070000
24 1670000 2870000
25 2680000 3880000
26 6450000 7650000
27 0 8920000
28 7640000 8840000
29 3650000 4850000
30 3520000 4720000
31 8220000 9420000
32 0 9140000
33 8080000 9280000
34 0 9320000
35 0 9290000
36 0 9340000
37 0 9010000
DEPOT_SECTION
1 
-1
EOF
