NAME : rc_205.2
TYPE : TSPTW
DIMENSION : 27
EDGE_WEIGHT_TYPE : EXPLICIT
EDGE_WEIGHT_FORMAT : FULL_MATRIX
EDGE_WEIGHT_SECTION
0 335261 380789 392938 412310 403112 451774 400500 350570 450000 350000 450444 377359 380526 335410 180278 269258 424264 269258 130384 196469 360555 570088 429418 270185 206155 481664 
435261 100000 158310 160000 180000 194340 602096 553431 522019 574236 506079 560977 536807 540454 610784 522966 366271 300998 311896 431361 496232 333238 451283 690593 602195 580937 323607 
480789 158310 100000 158310 170711 211803 592037 546542 520595 560977 503112 545982 593356 535660 622015 550000 369258 258114 369258 460555 553431 312132 400000 696154 623450 610392 270294 
492938 160000 158310 100000 120000 153852 646717 600000 571699 616624 554863 602096 556946 588262 666480 582597 417648 315407 338537 491152 539318 369072 451283 744050 660892 640833 320906 
512310 180000 170711 120000 100000 150000 662228 616140 588774 631507 571699 616624 565188 604777 685235 602494 435410 323607 350000 511096 554533 382843 453553 762118 680516 660803 323607 
503112 194340 211803 153852 150000 100000 694643 646717 616140 665684 600000 651725 520595 634135 704152 609902 460555 369258 312132 517732 524382 420155 503112 784763 692030 665684 372947 
551774 602096 592037 646717 662228 694643 100000 153852 201980 140000 207703 160000 906536 172801 286011 405941 344131 471618 721772 421403 746297 383019 490000 274642 372947 441760 520595 
500500 553431 546542 600000 616140 646717 153852 100000 150000 153852 153852 164030 852861 120000 264012 362487 292094 435261 668243 370185 694138 341661 473363 281108 342074 404138 488330 
450570 522019 520595 571699 588774 616140 201980 150000 100000 201980 120000 207703 805195 130000 239284 315407 256205 423883 624786 320227 644518 325610 483275 282483 305183 360768 481181 
550000 574236 560977 616624 631507 665684 140000 153852 201980 100000 200000 120000 895550 172801 312132 416228 323607 435410 704152 420155 741950 350000 450000 311896 394109 457771 482753 
450000 506079 503112 554863 571699 600000 207703 153852 120000 200000 100000 201980 799214 136056 258114 323607 241421 404138 614782 320227 642310 306155 464005 302237 320227 372029 461248 
550444 560977 545982 602096 616624 651725 160000 164030 207703 120000 201980 100000 890759 180623 326716 423110 315407 417648 696154 421403 740703 334306 430000 330868 406105 467151 464005 
477359 536807 593356 556946 565188 520595 906536 852861 805195 895550 799214 890759 100000 833757 811969 657584 678705 728013 325610 596588 298494 720000 884474 906225 746375 676281 759697 
480526 540454 535660 588262 604777 634135 172801 120000 130000 172801 136056 180623 833757 100000 252643 343516 276918 429847 650727 350200 674282 334094 476563 280000 326716 386531 484708 
435410 610784 622015 666480 685235 704152 286011 264012 239284 312132 258114 326716 811969 252643 100000 258114 354950 550000 665684 320227 629245 450000 622015 194340 192195 270294 610392 
280278 522966 550000 582597 602494 609902 405941 362487 315407 416228 323607 423110 657584 343516 258114 100000 323607 527200 530116 192195 471618 435410 640833 350799 192195 163246 590408 
369258 366271 369258 417648 435410 460555 344131 292094 256205 323607 241421 315407 678705 276918 354950 323607 100000 306155 480789 262788 542832 211803 420155 426956 372947 386356 369258 
524264 300998 258114 315407 323607 369258 471618 435261 423883 435410 404138 417648 728013 429847 550000 527200 306155 100000 503112 453553 650091 200000 258114 606360 578539 590408 163246 
369258 311896 369258 338537 350000 312132 721772 668243 624786 704152 614782 696154 325610 650727 665684 530116 480789 503112 100000 447131 319317 503112 659017 757951 622015 570106 534166 
230384 431361 460555 491152 511096 517732 421403 370185 320227 420155 320227 421403 596588 350200 320227 192195 262788 453553 447131 100000 425575 370185 581664 414006 278885 250000 515933 
296469 496232 553431 539318 554533 524382 746297 694138 644518 741950 642310 740703 298494 674282 629245 471618 542832 650091 319317 425575 100000 612445 806824 722415 556508 482753 696825 
460555 333238 312132 369072 382843 420155 383019 341661 325610 350000 306155 334306 720000 334094 450000 435410 211803 200000 503112 370185 612445 100000 312132 507921 480789 498121 261245 
670087 451283 400000 451283 453553 503112 490000 473363 483275 450000 464005 430000 884474 476563 622015 640833 420155 258114 659017 581664 806824 312132 100000 654437 672713 702080 230384 
529418 690593 696154 744050 762118 784763 274642 281108 282483 311896 302237 330868 906225 280000 194340 350799 426956 606360 757951 414006 722415 507921 654437 100000 272627 353180 663205 
370185 602195 623450 660892 680516 692030 372947 342074 305183 394109 320227 406105 746375 326716 192195 192195 372947 578539 622015 278885 556508 480789 672713 272627 100000 180623 641295 
306155 580937 610392 640833 660803 665684 441760 404138 360768 457771 372029 467151 676281 386531 270294 163246 386356 590408 570106 250000 482753 498121 702080 353180 180623 100000 653623 
581664 323607 270294 320906 323607 372947 520595 488330 481181 482753 461248 464005 759697 484708 610392 590408 369258 163246 534166 515933 696825 261245 230384 663205 641295 653623 100000 
TIME_WINDOW_SECTION
1 0 9600000
2 2250000 2850000
3 6830000 7430000
4 2040000 2640000
5 2040000 4250000
6 6980000 8270000
7 3060000 4830000
8 1990000 4280000
9 4940000 6990000
10 450000 5250000
11 3830000 4860000
12 2310000 2910000
13 370000 1770000
14 4600000 5390000
15 2730000 4980000
16 5600000 6730000
17 3420000 5710000
18 420000 5220000
19 6230000 8840000
20 5700000 6810000
21 7800000 9300000
22 6750000 7350000
23 570000 5370000
24 2980000 3580000
25 4250000 4850000
26 200000 5000000
27 5160000 6970000
DEPOT_SECTION
1 
-1
EOF
