NAME : rc_203.4
TYPE : TSPTW
DIMENSION : 15
EDGE_WEIGHT_TYPE : EXPLICIT
EDGE_WEIGHT_FORMAT : FULL_MATRIX
EDGE_WEIGHT_SECTION
0 380789 393573 403112 353553 335261 392938 412310 380789 377359 372022 158114 392938 147648 205182 
480789 100000 130000 150000 241421 581041 605371 614782 400000 158310 186023 382843 439706 520476 600100 
493573 130000 100000 120000 222066 571275 592443 600899 430000 136056 164030 404795 420155 522966 601597 
503112 150000 120000 100000 211803 565725 584665 592443 450000 130000 153852 420155 408058 525793 603587 
453553 241421 222066 211803 100000 456931 473363 480789 512310 186023 158310 416228 298494 441760 514849 
435261 581041 571275 565725 456931 100000 160000 180000 750692 536807 512310 546542 308806 292354 286815 
492938 605371 592443 584665 473363 160000 100000 120000 795270 556946 530813 597393 300000 351794 345153 
512310 614782 600899 592443 480789 180000 120000 100000 810634 565188 538634 614782 300998 371662 364764 
480789 400000 430000 450000 512310 750692 795270 810634 100000 451283 473363 323607 686003 604777 678014 
477359 158310 136056 130000 186023 536807 556946 565188 451283 100000 128284 402324 384253 496232 573814 
472022 186023 164030 153852 158310 512310 530813 538634 473363 128284 100000 408869 356125 480789 557056 
258114 382843 404795 420155 416228 546542 597393 614782 323607 402324 408869 100000 532897 384253 455106 
492938 439706 420155 408058 298494 308806 300000 300998 686003 384253 356125 532897 100000 402324 446554 
247647 520476 522966 525793 441760 292354 351794 371662 604777 496232 480789 384253 402324 100000 180623 
305183 600100 601597 603587 514849 286815 345153 364764 678014 573814 557056 455106 446554 180623 100000 
TIME_WINDOW_SECTION
1 0 9600000
2 0 9110000
3 0 9100000
4 0 9090000
5 0 9140000
6 1950000 3150000
7 1740000 2940000
8 0 9080000
9 0 9110000
10 370000 1570000
11 0 9120000
12 0 9340000
13 0 9100000
14 0 9350000
15 3080000 4280000
DEPOT_SECTION
1 
-1
EOF
