NAME : rc_201.3
TYPE : TSPTW
DIMENSION : 32
EDGE_WEIGHT_TYPE : EXPLICIT
EDGE_WEIGHT_FORMAT : FULL_MATRIX
EDGE_WEIGHT_SECTION
0 380789 308058 393573 360555 403112 333017 353553 390512 323883 412310 442041 430116 406079 360555 335410 380789 377359 372022 200000 180278 269258 92195 196469 392938 325575 384708 147648 178885 155242 141421 192354 
480789 100000 204403 130000 170711 150000 222066 241421 211803 534626 614782 520000 500000 501123 453553 404138 400000 158310 186023 453553 490512 369258 435410 288680 439706 436155 354950 520476 370185 531393 430151 289737 
408058 204403 100000 200000 153852 201980 140000 170000 186023 431059 513401 560977 541475 535660 483275 433765 444819 172801 164030 350799 462491 265529 346982 243178 350000 336008 274642 423883 271172 491152 333452 220416 
493573 130000 200000 100000 153852 120000 207703 222066 186023 523792 600899 550000 530000 531045 483275 433765 430000 136056 164030 450570 514005 359614 442053 306155 420155 422025 333452 522966 370740 552769 432415 301246 
460555 170711 153852 153852 100000 150000 153852 170711 150000 470000 547214 572652 552769 550444 500000 450000 453553 120000 120000 400000 503112 306155 400832 286011 369072 368328 284391 476563 323607 536005 386356 270294 
503112 150000 201980 120000 150000 100000 201980 211803 170711 517612 592443 570000 550000 550999 503112 453553 450000 130000 153852 450000 530116 354950 447851 319317 408058 413847 320227 525793 372947 567547 435410 310950 
433017 222066 140000 207703 153852 201980 100000 130000 158310 416228 493573 600100 580521 575184 522966 473363 483275 172801 150000 350799 499249 252971 364197 280278 319317 314709 238924 432415 280278 525441 343516 252643 
453553 241421 170000 222066 170711 211803 130000 100000 150000 408058 480789 629528 609902 604876 552769 503112 512310 186023 158310 354950 527200 250000 380179 308806 298494 302485 214018 441760 292354 551774 354950 278885 
490512 211803 186023 186023 150000 170711 158310 150000 100000 456931 527200 622398 602494 600400 550000 500000 503112 153852 130000 404138 547214 300000 422490 328254 338537 350000 250000 488973 337697 577074 400832 306155 
423883 534626 431059 523792 470000 517612 416228 408058 456931 100000 194340 812811 796348 779559 726817 686003 717171 488973 464005 230000 593356 265529 340416 461248 261555 210000 330868 291050 306155 578539 293132 418277 
512310 614782 513401 600899 547214 592443 493573 480789 527200 194340 100000 907093 890569 873886 821110 780074 810634 565188 538634 323607 685235 350000 432415 554533 300998 278885 386356 371662 400000 667539 386356 511096 
542041 520000 560977 550000 572652 570000 600100 629528 622398 812811 907093 100000 120000 136056 186023 230000 220000 570956 592544 686003 377308 676975 588365 457771 796419 757419 733246 680000 607740 432415 626308 502492 
530116 500000 541475 530000 552769 550000 580521 609902 602494 796348 890569 120000 100000 130000 170711 211803 200000 550999 572652 670087 369258 659017 573814 440000 777791 739531 714003 666392 590918 425730 610882 484708 
506079 501123 535660 531045 550444 550999 575184 604876 600400 779559 873886 136056 130000 100000 153852 201980 204403 550000 570425 652177 341661 646260 553431 426956 767307 726498 706383 644518 575079 397321 592037 471618 
460555 453553 483275 483275 500000 503112 522966 552769 550000 726817 821110 186023 170711 153852 100000 150000 170711 500500 520000 600000 306155 592443 503112 373130 713514 672713 653173 595782 521900 364764 540454 417805 
435410 404138 433765 433765 450000 453553 473363 503112 500000 686003 780074 230000 211803 201980 150000 100000 150000 450570 470000 560977 300000 547214 468782 328254 666480 627731 604480 564004 480132 360000 503112 372947 
480789 400000 444819 430000 453553 450000 483275 512310 503112 717171 810634 220000 200000 204403 170711 150000 100000 451283 473363 594975 350000 571699 508044 356125 686003 652268 618652 604777 511096 410000 539318 400000 
477359 158310 172801 136056 120000 130000 172801 186023 153852 488973 565188 570956 550999 550000 500500 450570 451283 100000 128284 420000 513401 325610 419530 298494 384253 386356 297990 496232 343311 548219 405941 286011 
472022 186023 164030 164030 120000 153852 150000 158310 130000 464005 538634 592544 572652 570425 520000 470000 473363 128284 100000 400666 520595 302237 408707 302485 356125 360000 269706 480789 328035 552217 391204 283848 
300000 453553 350799 450570 400000 450000 350799 354950 404138 230000 323607 686003 670087 652177 600000 560977 594975 420000 400666 100000 464005 211803 211803 342074 305913 234164 328035 198995 189443 452278 163246 302485 
280278 490512 462491 514005 503112 530116 499249 527200 547214 593356 685235 377308 369258 341661 306155 300000 350000 513401 520595 464005 100000 500000 352982 319317 630000 571699 596488 427567 410644 160000 400832 350000 
369258 369258 265529 359614 306155 354950 252971 250000 300000 265529 350000 676975 659017 646260 592443 547214 571699 325610 302237 211803 500000 100000 278885 319317 230000 180623 220416 308087 192195 504474 236015 274642 
192195 435410 346982 442053 400832 447851 364197 380179 422490 340416 432415 588365 573814 553431 503112 468782 508044 419530 408707 211803 352982 278885 100000 274642 400832 333452 396816 198489 192195 340832 150000 250000 
296469 288680 243178 306155 286011 319317 280278 308806 328254 461248 554533 457771 440000 426956 373130 328254 356125 298494 302485 342074 319317 319317 274642 100000 442053 399666 390172 372029 255562 350000 292354 144721 
492938 439706 350000 420155 369072 408058 319317 298494 338537 261555 300998 796419 777791 767307 713514 666480 686003 384253 356125 305913 630000 230000 400832 442053 100000 172111 189443 402324 320906 633385 352982 398329 
425575 436155 336008 422025 368328 413847 314709 302485 350000 210000 278885 757419 739531 726498 672713 627731 652268 386356 360000 234164 571699 180623 333452 399666 172111 100000 221655 330217 261245 570425 284391 354950 
484708 354950 274642 333452 284391 320227 238924 214018 250000 330868 386356 733246 714003 706383 653173 604480 618652 297990 269706 328035 596488 220416 396816 390172 189443 221655 100000 426497 305913 609608 356125 350200 
247647 520476 423883 522966 476563 525793 432415 441760 488973 291050 371662 680000 666392 644518 595782 564004 604777 496232 480789 198995 427567 308087 198489 372029 402324 330217 426497 100000 252971 400832 190554 343311 
278885 370185 271172 370740 323607 372947 280278 292354 337697 306155 400000 607740 590918 575079 521900 480132 511096 343311 328035 189443 410644 192195 192195 255562 320906 261245 305913 252971 100000 412570 163246 214018 
255242 531393 491152 552769 536005 567547 525441 551774 577074 578539 667539 432415 425730 397321 364764 360000 410000 548219 552217 452278 160000 504474 340832 350000 633385 570425 609608 400832 412570 100000 390689 372947 
241421 430151 333452 432415 386356 435410 343516 354950 400832 293132 386356 626308 610882 592037 540454 503112 539318 405941 391204 163246 400832 236015 150000 292354 352982 284391 356125 190554 163246 390689 100000 258114 
292354 289737 220416 301246 270294 310950 252643 278885 306155 418277 511096 502492 484708 471618 417805 372947 400000 286011 283848 302485 350000 274642 250000 144721 398329 354950 350200 343311 214018 372947 258114 100000 
TIME_WINDOW_SECTION
1 0 9600000
2 6730000 7930000
3 1520000 2720000
4 4710000 5910000
5 6440000 7640000
6 730000 1930000
7 3880000 5080000
8 3000000 4200000
9 3670000 4870000
10 2230000 3430000
11 2550000 3750000
12 6570000 7770000
13 430000 1630000
14 5570000 6770000
15 640000 1840000
16 330000 1530000
17 5740000 6940000
18 370000 1570000
19 4890000 6090000
20 3750000 4950000
21 6010000 7210000
22 6940000 8140000
23 1570000 2770000
24 8100000 9300000
25 2860000 4060000
26 3650000 4850000
27 3520000 4720000
28 1520000 2720000
29 2600000 3800000
30 5620000 6820000
31 1720000 2920000
32 8100000 9300000
DEPOT_SECTION
1 
-1
EOF
