NAME : rc_201.2
TYPE : TSPTW
DIMENSION : 26
EDGE_WEIGHT_TYPE : EXPLICIT
EDGE_WEIGHT_FORMAT : FULL_MATRIX
EDGE_WEIGHT_SECTION
0 335410 316228 380789 403112 372022 353412 141421 158114 291548 206155 100000 254951 274591 360555 76157 120416 322025 382099 42426 120416 147648 210950 206155 481664 205182 
435410 100000 150000 150000 241421 787677 750692 420155 560977 650000 453553 490512 685235 709016 280278 488973 552769 255562 211803 395466 496232 537379 637587 560435 280278 260000 
416228 150000 100000 170711 211803 756048 715549 382843 530116 652268 464005 460555 670087 686003 323607 476563 529535 294165 261245 378927 490512 531045 623927 560977 328035 267631 
480789 150000 170711 100000 211803 826223 786222 453553 600000 700000 503112 530116 732456 752993 312132 536807 596488 294165 230384 441760 545533 586621 685235 610392 270294 310000 
503112 241421 211803 211803 100000 811969 762873 435410 592443 757647 574342 527200 757647 760983 420155 570425 606952 396985 341867 470540 590918 630377 714003 665684 372947 378568 
472022 787677 756048 826223 811969 100000 172801 477359 326716 550999 628110 397321 351794 250333 832393 462491 355539 794046 850733 514005 501622 480789 380179 534166 948999 676281 
453412 750692 715549 786222 762873 172801 100000 433017 297231 580521 629528 366271 387924 287883 811969 459026 347386 772309 822011 493573 504474 490512 405941 550111 918352 652268 
241421 420155 382843 453553 435410 477359 433017 100000 258114 530116 435410 200000 453553 433765 512310 314009 291050 471080 502492 247647 361725 386007 420155 447131 593964 353180 
258114 560977 530116 600000 592443 326716 297231 258114 100000 460555 450000 170711 323607 280000 614782 281108 180623 575079 626308 296977 333452 334094 306155 400832 723699 455106 
391548 650000 652268 700000 757647 550999 580521 530116 460555 100000 306155 453553 300000 400666 574342 316333 380179 553542 641295 404631 274642 244222 274642 192195 733246 490000 
306155 453553 464005 503112 574342 628110 629528 435410 450000 306155 100000 404138 420155 493573 369258 271172 382843 347386 435410 287883 226491 252643 372029 230384 527200 296469 
200000 490512 460555 530116 527200 397321 366271 200000 170711 453553 404138 100000 354950 335372 547214 247647 192195 507063 556070 233417 301246 314009 324722 380179 653173 386531 
354950 685235 670087 732456 757647 351794 387924 453553 323607 300000 420155 354950 100000 201980 670087 296977 262788 638238 714003 391204 306155 269706 150000 301246 813442 538292 
374591 709016 686003 752993 760983 250333 287883 433765 280000 400666 493573 335372 201980 100000 722415 340832 256525 686941 754369 416228 369258 341661 231529 388616 854321 576340 
460555 280278 323607 312132 420155 832393 811969 512310 614782 574342 369258 547214 670087 722415 100000 481838 578017 141231 189443 419061 464005 502244 620096 498121 261245 261555 
176158 488973 476563 536807 570425 462491 459026 314009 281108 316333 271172 247647 296977 340832 481838 100000 211803 447131 518807 200000 153852 172111 248661 234536 618652 341867 
220416 552769 529535 596488 606952 355539 347386 291050 180623 380179 382843 192195 262788 256525 578017 211803 100000 540454 602494 262788 260000 255242 234164 321359 702080 425269 
422025 255562 294165 294165 396985 794046 772309 471080 575079 553542 347386 507063 638238 686941 141231 447131 540454 100000 190000 380179 432865 472156 588262 473363 280278 220830 
482099 211803 261245 230384 341867 850733 822011 502492 626308 641295 435410 556070 714003 754369 189443 518807 602494 190000 100000 439706 511461 551885 664358 558803 200000 278045 
142426 395466 378927 441760 470540 514005 493573 247647 296977 404631 287883 233417 391204 416228 419061 200000 262788 380179 439706 100000 230000 264924 345153 314709 539318 262788 
220416 496232 490512 545533 590918 501622 504474 361725 333452 274642 226491 301246 306155 369258 464005 153852 260000 432865 511461 230000 100000 141231 256205 186023 610000 340416 
247647 537379 531045 586621 630377 480789 490512 386007 334094 244222 252643 314009 269706 341661 502244 172111 255242 472156 551885 264924 141231 100000 220416 167082 650091 381603 
310950 637587 623927 685235 714003 380179 405941 420155 306155 274642 372029 324722 150000 231529 620096 248661 234164 588262 664358 345153 256205 220416 100000 258114 763702 489101 
306155 560435 560977 610392 665684 534166 550111 447131 400832 192195 230384 380179 301246 388616 498121 234536 321359 473363 558803 314709 186023 167082 258114 100000 653623 400666 
581664 280278 328035 270294 372947 948999 918352 593964 723699 733246 527200 653173 813442 854321 261245 618652 702080 280278 200000 539318 610000 650091 763702 653623 100000 378028 
305183 260000 267631 310000 378568 676281 652268 353180 455106 490000 296469 386531 538292 576340 261555 341867 425269 220830 278045 262788 340416 381603 489101 400666 378028 100000 
TIME_WINDOW_SECTION
1 0 9600000
2 3710000 4910000
3 5190000 6390000
4 6530000 7730000
5 7030000 8230000
6 2780000 3980000
7 2170000 3370000
8 5990000 7190000
9 2580000 3780000
10 1670000 2870000
11 1910000 3110000
12 6120000 7320000
13 2410000 3610000
14 600000 1800000
15 6450000 7650000
16 8220000 9420000
17 3550000 4750000
18 3490000 4690000
19 3590000 4790000
20 3590000 4790000
21 7190000 8390000
22 140000 1340000
23 8080000 9280000
24 1000000 2200000
25 5470000 6670000
26 3080000 4280000
DEPOT_SECTION
1 
-1
EOF
