NAME : rc_202.3
TYPE : TSPTW
DIMENSION : 29
EDGE_WEIGHT_TYPE : EXPLICIT
EDGE_WEIGHT_FORMAT : FULL_MATRIX
EDGE_WEIGHT_SECTION
0 333017 390512 380789 403112 450444 350570 452769 430116 406079 372022 360555 403112 308058 335410 380789 372022 141421 471699 291548 206155 111803 252982 100000 254951 274591 360555 499800 120416 
433017 100000 158310 520595 449857 828011 732456 820347 580521 575184 542832 522966 531741 500000 473363 483275 150000 292094 750692 717171 624786 489101 666127 366271 610784 560977 650364 821734 453553 
490512 158310 100000 560977 480789 884474 789493 876209 602494 600400 570000 550000 552769 532897 500000 503112 130000 350000 800000 772681 683095 547214 720081 420155 659017 602892 702080 874145 504969 
480789 520595 560977 100000 211803 545982 485876 524264 881025 862168 826223 810634 843303 764003 772681 807107 568402 453553 369258 700000 503112 404138 694138 530116 732456 752993 312132 467151 596488 
503112 449857 480789 211803 100000 651725 584149 631507 863217 847930 811969 794621 821110 752993 751920 780074 493573 435410 480789 757647 574342 453553 740703 527200 757647 760983 420155 578853 606952 
550444 828011 884474 545982 651725 100000 200000 130000 944334 915966 887464 881601 929699 828011 869024 917863 876209 655787 335372 503609 359614 451283 552217 650364 668243 750000 334306 251327 641295 
450570 732456 789493 485876 584149 200000 100000 204403 850267 822357 792892 786222 833757 732456 771863 820347 780074 557056 335372 436006 265529 351794 474833 550444 582597 659017 286815 292094 543847 
552769 820347 876209 524264 631507 130000 204403 100000 954400 926378 897120 890569 938153 836817 876209 924621 869024 652268 306155 524264 369258 450000 570106 652268 683095 762118 312132 221655 648179 
530116 580521 602494 881025 863217 944334 850267 954400 100000 130000 158310 170711 150000 222066 211803 200000 572652 530116 1001390 600000 685235 640833 530116 453553 400000 300998 890569 1021300 413847 
506079 575184 600400 862168 847930 915966 822357 926378 130000 100000 136056 153852 158310 198995 201980 204403 570425 513401 976584 570000 657136 616140 500125 433017 370000 271172 866094 994707 388444 
472022 542832 570000 826223 811969 887464 792892 897120 158310 136056 100000 120000 153852 164030 170000 186023 540000 477359 943149 550999 628110 582597 480526 397321 351794 250333 832393 963134 355539 
460555 522966 550000 810634 794621 881601 786222 890569 170711 153852 120000 100000 150000 153852 150000 170711 520000 460555 932166 552769 622015 571699 482099 382843 354950 252971 821110 954283 345967 
503112 531741 552769 843303 821110 929699 833757 938153 150000 158310 153852 150000 100000 201980 170711 150000 522966 490512 974643 602494 670087 614782 531856 420155 404138 302237 863217 999611 391548 
408058 500000 532897 764003 752993 828011 732456 836817 222066 198995 164030 153852 201980 100000 158310 204403 503112 417648 879359 506079 568402 518807 435410 334306 311896 211803 768506 900562 292354 
435410 473363 500000 772681 751920 869024 771863 876209 211803 201980 170000 150000 170711 158310 100000 150000 470000 420155 906225 560977 609902 547214 490512 350000 369258 270000 794621 933847 328035 
480789 483275 503112 807107 780074 917863 820347 924621 200000 204403 186023 170711 150000 204403 150000 100000 473363 453553 950000 609902 659017 592443 539318 391548 416228 315407 838240 980227 376586 
472022 150000 130000 568402 493573 876209 780074 869024 572652 570425 540000 520000 522966 503112 470000 473363 100000 333238 800643 750692 668243 534626 696657 397321 632353 574342 700333 871622 480132 
241421 292094 350000 453553 435410 655787 557056 652268 530116 513401 477359 460555 490512 417648 420155 453553 333238 100000 622015 530116 435410 306155 484708 200000 453553 433765 512310 674282 291050 
571699 750692 800000 369258 480789 335372 335372 306155 1001390 976584 943149 932166 974643 879359 906225 950000 800643 622015 100000 659017 460555 460555 685235 659017 772681 830000 211803 206301 688218 
391548 717171 772681 700000 757647 503609 436006 524264 600000 570000 550999 552769 602494 506079 560977 609902 750692 530116 659017 100000 306155 404138 170711 453553 300000 400666 574342 628015 380179 
306155 624786 683095 503112 574342 359614 265529 369258 685235 657136 628110 622015 670087 568402 609902 659017 668243 435410 460555 306155 100000 241421 324722 404138 420155 493573 369258 448280 382843 
211803 489101 547214 404138 453553 451283 351794 450000 640833 616140 582597 571699 614782 518807 547214 592443 534626 306155 460555 404138 241421 100000 390689 306155 435410 475365 350000 488973 328035 
352982 666127 720081 694138 740703 552217 474833 570106 530116 500125 480526 482099 531856 435410 490512 539318 696657 484708 685235 170711 324722 390689 100000 400000 230384 330217 591935 665862 319317 
200000 366271 420155 530116 527200 650364 550444 652268 453553 433017 397321 382843 420155 334306 350000 391548 397321 200000 659017 453553 404138 306155 400000 100000 354950 335372 547214 694811 192195 
354950 610784 659017 732456 757647 668243 582597 683095 400000 370000 351794 354950 404138 311896 369258 416228 632353 453553 772681 300000 420155 435410 230384 354950 100000 201980 670087 768431 262788 
374591 560977 602892 752993 760983 750000 659017 762118 300998 271172 250333 252971 302237 211803 270000 315407 574342 433765 830000 400666 493573 475365 330217 335372 201980 100000 722415 837835 256525 
460555 650364 702080 312132 420155 334306 286815 312132 890569 866094 832393 821110 863217 768506 794621 838240 700333 512310 211803 574342 369258 350000 591935 547214 670087 722415 100000 272627 578017 
599800 821734 874145 467151 578853 251327 292094 221655 1021300 994707 963134 954283 999611 900562 933847 980227 871622 674282 206301 628015 448280 488973 665862 694811 768431 837835 272627 100000 708358 
220416 453553 504969 596488 606952 641295 543847 648179 413847 388444 355539 345967 391548 292354 328035 376586 480132 291050 688218 380179 382843 328035 319317 192195 262788 256525 578017 708358 100000 
TIME_WINDOW_SECTION
1 0 9600000
2 3880000 5080000
3 3670000 4870000
4 6530000 7730000
5 7030000 8230000
6 2010000 3210000
7 6810000 8010000
8 7840000 9040000
9 430000 1630000
10 0 9090000
11 2780000 3980000
12 640000 1840000
13 3290000 4490000
14 3760000 4960000
15 330000 1530000
16 5740000 6940000
17 4890000 6090000
18 5990000 7190000
19 7820000 9020000
20 1670000 2870000
21 1910000 3110000
22 110000 1310000
23 2680000 3880000
24 6120000 7320000
25 2410000 3610000
26 0 9220000
27 6450000 7650000
28 7640000 8840000
29 3550000 4750000
DEPOT_SECTION
1 
-1
EOF
