NAME : N20ft310.dat
TYPE : TSPTW
DIMENSION : 20
EDGE_WEIGHT_TYPE : EXPLICIT
EDGE_WEIGHT_FORMAT : FULL_MATRIX
EDGE_WEIGHT_SECTION
0 683 580 225 552 437 588 756 159 607 888 506 515 266 435 727 452 723 531 225 
683 0 254 614 411 278 627 323 774 270 959 375 727 545 534 88 502 56 193 460 
580 254 0 600 157 158 373 182 711 34 707 130 483 548 612 342 591 309 107 365 
225 614 600 0 632 442 731 782 191 633 1064 574 695 73 219 633 243 639 518 258 
552 411 157 632 0 230 216 242 702 148 556 61 333 594 694 499 679 467 241 375 
437 278 158 442 230 0 416 340 558 191 772 170 478 391 468 349 451 330 96 214 
588 627 373 731 216 416 0 416 748 362 357 257 158 713 842 714 835 683 450 482 
756 323 182 782 242 340 416 0 891 151 687 262 560 728 781 404 757 366 272 546 
159 774 711 191 702 558 748 891 0 740 1044 651 672 261 403 804 431 806 647 345 
607 270 34 633 148 191 362 151 740 0 688 135 480 582 647 359 625 325 139 395 
888 959 707 1064 556 772 357 687 1044 688 0 607 372 1055 1194 1048 1188 1013 797 827 
506 375 130 574 61 170 257 262 651 135 607 0 353 534 632 461 618 431 193 318 
515 727 483 695 333 478 158 560 672 480 372 353 0 693 842 811 841 783 537 472 
266 545 548 73 594 391 713 728 261 582 1055 534 693 0 170 560 187 568 460 231 
435 534 612 219 694 468 842 781 403 647 1194 632 842 170 0 522 35 540 510 370 
727 88 342 633 499 349 714 404 804 359 1048 461 811 560 522 0 488 38 273 510 
452 502 591 243 679 451 835 757 431 625 1188 618 841 187 35 488 0 507 487 369 
723 56 309 639 467 330 683 366 806 325 1013 431 783 568 540 38 507 0 248 502 
531 193 107 518 241 96 450 272 647 139 797 193 537 460 510 273 487 248 0 306 
225 460 365 258 375 214 482 546 345 395 827 318 472 231 370 510 369 502 306 0 
TIME_WINDOW_SECTION
1 0 7230
2 2540 2850
3 1520 1910
4 0 280
5 3260 3430
6 1480 1780
7 5560 5700
8 2150 2490
9 190 490
10 2200 2360
11 3800 4010
12 1860 2350
13 3370 3810
14 890 1040
15 6340 6790
16 2730 2830
17 1080 1410
18 4970 5170
19 1750 2050
20 660 880
DEPOT_SECTION
1 
-1
EOF
