NAME : N20ft409.dat
TYPE : TSPTW
DIMENSION : 20
EDGE_WEIGHT_TYPE : EXPLICIT
EDGE_WEIGHT_FORMAT : FULL_MATRIX
EDGE_WEIGHT_SECTION
0 786 777 283 812 476 347 159 364 710 456 573 398 275 413 372 258 259 220 290 
786 0 110 653 222 671 447 761 596 158 979 363 958 766 536 557 994 875 635 526 
777 110 0 608 332 730 430 774 639 74 1020 435 992 796 584 598 964 833 653 543 
283 653 608 0 755 635 240 401 495 534 721 584 667 503 509 479 369 225 369 345 
812 222 332 755 0 560 519 743 531 364 894 264 886 715 464 497 1050 959 618 523 
476 671 730 635 560 0 469 328 141 699 338 311 340 229 157 168 728 725 274 300 
347 447 430 240 519 469 0 367 332 363 660 348 619 423 319 301 548 441 265 176 
159 761 774 401 743 328 367 0 237 717 320 486 268 116 298 257 400 418 126 234 
364 596 639 495 531 141 332 237 0 597 382 267 362 183 67 40 622 600 146 159 
710 158 74 534 364 699 363 717 597 0 974 418 944 746 548 557 892 759 598 489 
456 979 1020 721 894 338 660 320 382 974 0 635 59 236 443 422 629 703 395 493 
573 363 435 584 264 311 348 486 267 418 635 0 623 451 200 234 824 757 365 284 
398 958 992 667 886 340 619 268 362 944 59 623 0 198 426 401 570 644 354 458 
275 766 796 503 715 229 423 116 183 746 236 451 198 0 251 217 510 534 158 259 
413 536 584 509 464 157 319 298 67 548 443 200 426 251 0 41 671 635 192 164 
372 557 598 479 497 168 301 257 40 557 422 234 401 217 41 0 630 597 151 135 
258 994 964 369 1050 728 548 400 622 892 629 824 570 510 671 630 0 163 478 540 
259 875 833 225 959 725 441 418 600 759 703 757 644 534 635 597 163 0 454 482 
220 635 653 369 618 274 265 126 146 598 395 365 354 158 192 151 478 454 0 110 
290 526 543 345 523 300 176 234 159 489 493 284 458 259 164 135 540 482 110 0 
TIME_WINDOW_SECTION
1 0 7900
2 2210 2780
3 5940 6280
4 3520 3820
5 2820 3000
6 830 1330
7 1500 1890
8 50 680
9 580 1070
10 2480 2950
11 6910 7440
12 1800 2240
13 4380 4720
14 1100 1270
15 640 910
16 1180 1460
17 3930 4330
18 4990 5500
19 100 450
20 270 960
DEPOT_SECTION
1 
-1
EOF
