NAME : N20ft401.dat
TYPE : TSPTW
DIMENSION : 20
EDGE_WEIGHT_TYPE : EXPLICIT
EDGE_WEIGHT_FORMAT : FULL_MATRIX
EDGE_WEIGHT_SECTION
0 794 786 700 484 775 1024 435 712 73 693 801 555 562 820 100 808 548 441 781 
794 0 652 514 603 666 440 390 82 866 713 141 994 321 377 791 577 286 811 1024 
786 652 0 146 301 22 452 489 627 828 139 525 550 406 305 707 93 470 443 435 
700 514 146 0 237 155 397 355 483 751 208 393 580 261 205 633 113 325 434 530 
484 603 301 237 0 290 621 276 543 527 222 523 394 281 415 406 332 329 219 449 
775 666 22 155 290 0 475 490 638 815 117 540 528 412 324 694 115 476 424 413 
1024 440 452 397 621 475 0 599 477 1087 580 312 976 466 209 979 360 498 830 888 
435 390 489 355 276 490 599 0 314 503 470 369 632 132 405 411 467 114 447 725 
712 82 627 483 543 638 477 314 0 785 673 164 930 262 378 711 560 218 746 976 
73 866 828 751 527 815 1087 503 785 0 727 870 545 628 881 121 856 617 454 786 
693 713 139 208 222 117 580 470 673 727 0 600 411 423 408 606 222 484 312 321 
801 141 525 393 523 540 312 369 164 870 600 0 917 261 238 780 444 254 741 918 
555 994 550 580 394 528 976 632 930 545 411 917 0 672 783 455 629 712 185 265 
562 321 406 261 281 412 466 132 262 628 423 261 672 0 274 528 364 63 490 715 
820 377 305 205 415 324 209 405 378 881 408 238 783 274 0 772 216 318 628 729 
100 791 707 633 406 694 979 411 711 121 606 780 455 528 772 0 737 526 342 681 
808 577 93 113 332 115 360 467 560 856 222 444 629 364 216 737 0 426 505 528 
548 286 470 325 329 476 498 114 218 617 484 254 712 63 318 526 426 0 528 770 
441 811 443 434 219 424 830 447 746 454 312 741 185 490 628 342 505 528 0 343 
781 1024 435 530 449 413 888 725 976 786 321 918 265 715 729 681 528 770 343 0 
TIME_WINDOW_SECTION
1 0 6690
2 2140 2650
3 860 1100
4 560 1210
5 290 910
6 3370 3590
7 2550 3120
8 2070 2430
9 1660 1820
10 4150 4650
11 5010 5450
12 1230 1780
13 5300 5670
14 3640 3860
15 1020 1460
16 0 260
17 1070 1370
18 1840 2200
19 40 690
20 5780 5900
DEPOT_SECTION
1 
-1
EOF
