NAME : N20ft307.dat
TYPE : TSPTW
DIMENSION : 20
EDGE_WEIGHT_TYPE : EXPLICIT
EDGE_WEIGHT_FORMAT : FULL_MATRIX
EDGE_WEIGHT_SECTION
0 492 465 427 435 343 332 163 570 254 849 423 489 787 494 673 174 536 758 838 
492 0 39 451 588 186 405 560 393 343 384 134 510 377 43 474 466 290 290 414 
465 39 0 460 591 181 366 526 361 335 396 145 472 374 76 502 431 316 302 415 
427 451 460 0 151 289 636 586 775 199 816 317 798 828 418 276 555 241 725 863 
435 588 591 151 0 412 706 598 878 280 962 454 872 965 558 394 592 392 869 1003 
343 186 181 289 412 0 391 452 489 156 571 79 539 556 169 407 378 229 477 597 
332 405 366 636 706 391 0 263 254 439 644 437 166 539 436 799 172 618 569 594 
163 560 526 586 598 452 263 0 518 401 875 525 387 788 574 819 101 668 791 841 
570 393 361 775 878 489 254 518 0 598 457 493 200 325 436 862 425 675 408 377 
254 343 335 199 280 156 439 401 598 0 727 225 603 708 325 419 359 287 633 750 
849 384 396 816 962 571 644 875 457 727 0 510 654 146 406 746 774 603 94 117 
423 134 145 317 454 79 437 525 493 225 510 0 572 512 104 373 446 186 417 548 
489 510 472 798 872 539 166 387 200 603 654 572 0 525 548 943 318 758 598 578 
787 377 374 828 965 556 539 788 325 708 146 512 525 0 411 807 687 642 151 54 
494 43 76 418 558 169 436 574 436 325 406 104 548 411 0 431 484 247 312 445 
673 474 502 276 394 407 799 819 862 419 746 373 943 807 431 0 766 187 670 826 
174 466 431 555 592 378 172 101 425 359 774 446 318 687 484 766 0 602 690 740 
536 290 316 241 392 229 618 668 675 287 603 186 758 642 247 187 602 0 518 668 
758 290 302 725 869 477 569 791 408 633 94 417 598 151 312 670 690 518 0 157 
838 414 415 863 1003 597 594 841 377 750 117 548 578 54 445 826 740 668 157 0 
TIME_WINDOW_SECTION
1 0 7180
2 1410 1720
3 1630 2070
4 3000 3390
5 4230 4700
6 2830 3120
7 210 610
8 3570 4030
9 400 840
10 3260 3510
11 880 1080
12 1680 2010
13 5110 5380
14 900 1140
15 1370 1770
16 5950 6500
17 100 380
18 2630 2900
19 2020 2390
20 1170 1370
DEPOT_SECTION
1 
-1
EOF
