NAME : N20ft406.dat
TYPE : TSPTW
DIMENSION : 20
EDGE_WEIGHT_TYPE : EXPLICIT
EDGE_WEIGHT_FORMAT : FULL_MATRIX
EDGE_WEIGHT_SECTION
0 627 359 313 452 219 209 708 481 265 204 83 300 150 293 476 712 426 522 72 
627 0 474 822 531 407 834 511 587 858 657 643 472 612 920 178 350 347 400 697 
359 474 0 668 646 271 539 812 696 620 244 310 61 464 589 298 391 510 624 422 
313 822 668 0 411 458 246 688 400 143 503 384 607 221 325 712 991 512 553 268 
452 531 646 411 0 376 570 280 57 520 632 528 594 317 670 506 814 187 158 480 
219 407 271 458 376 0 427 572 425 462 299 245 218 237 512 262 533 265 378 290 
209 834 539 246 570 427 0 847 580 115 319 229 485 262 100 685 913 599 677 137 
708 511 812 688 280 572 847 0 290 801 863 775 773 588 948 579 855 307 193 747 
481 587 696 400 57 425 580 290 0 519 668 560 643 338 679 564 872 244 202 501 
265 858 620 143 520 462 115 801 519 0 419 313 562 250 182 725 977 584 646 198 
204 657 244 503 632 299 319 863 668 419 0 122 205 352 351 482 635 560 670 235 
83 643 310 384 528 245 229 775 560 313 122 0 255 233 290 479 685 483 586 118 
300 472 61 607 594 218 485 773 643 562 205 255 0 403 539 294 434 468 582 364 
150 612 464 221 317 237 262 588 338 250 352 233 403 0 363 492 770 339 414 163 
293 920 589 325 670 512 100 948 679 182 351 290 539 363 0 765 973 697 777 225 
476 178 298 712 506 262 685 579 564 725 482 479 294 492 765 0 308 324 419 548 
712 350 391 991 814 533 913 855 872 977 635 685 434 770 973 308 0 630 716 783 
426 347 510 512 187 265 599 307 244 584 560 483 468 339 697 324 630 0 114 478 
522 400 624 553 158 378 677 193 202 646 670 586 582 414 777 419 716 114 0 567 
72 697 422 268 480 290 137 747 501 198 235 118 364 163 225 548 783 478 567 0 
TIME_WINDOW_SECTION
1 0 7550
2 6420 6920
3 2140 2430
4 3640 3710
5 2890 2950
6 670 930
7 3800 4170
8 4790 5040
9 3060 3640
10 3760 4330
11 160 470
12 0 130
13 1290 1600
14 480 920
15 5530 6090
16 1020 1190
17 1460 1950
18 2700 2950
19 2690 3220
20 280 530
DEPOT_SECTION
1 
-1
EOF
