NAME : N20ft304.dat
TYPE : TSPTW
DIMENSION : 20
EDGE_WEIGHT_TYPE : EXPLICIT
EDGE_WEIGHT_FORMAT : FULL_MATRIX
EDGE_WEIGHT_SECTION
0 392 489 456 446 589 475 542 520 358 847 484 629 669 346 794 235 740 379 278 
392 0 472 380 453 308 203 199 616 687 455 174 310 310 170 656 354 380 193 232 
489 472 0 95 843 780 320 416 968 490 746 646 406 753 302 318 657 813 278 600 
456 380 95 0 772 688 225 321 906 527 656 555 321 657 215 339 596 717 187 527 
446 453 843 772 0 351 651 649 172 796 792 360 761 506 568 1091 211 557 605 245 
589 308 780 688 351 0 489 435 516 936 458 134 534 160 479 938 417 206 501 315 
475 203 320 225 651 489 0 100 807 676 446 363 154 437 128 454 521 494 100 416 
542 199 416 321 649 435 100 0 814 770 346 322 111 358 208 505 550 408 191 431 
520 616 968 906 172 516 807 814 0 837 964 533 925 673 714 1235 311 722 752 392 
358 687 490 527 796 936 676 770 837 0 1112 818 819 992 565 795 588 1063 579 633 
847 455 746 656 792 458 446 346 964 1112 0 438 342 300 546 731 779 280 535 652 
484 174 646 555 360 134 363 322 533 818 438 0 429 188 344 816 352 258 368 230 
629 310 406 321 761 534 154 111 925 819 342 429 0 437 283 423 657 476 254 541 
669 310 753 657 506 160 437 358 673 992 300 188 437 0 470 858 537 71 481 417 
346 170 302 215 568 479 128 208 714 565 546 344 283 470 0 522 414 536 38 324 
794 656 318 339 1091 938 454 505 1235 795 731 816 423 858 522 0 929 899 485 847 
235 354 657 596 211 417 521 550 311 588 779 352 657 537 414 929 0 603 452 128 
740 380 813 717 557 206 494 408 722 1063 280 258 476 71 536 899 603 0 545 486 
379 193 278 187 605 501 100 191 752 579 535 368 254 481 38 485 452 545 0 362 
278 232 600 527 245 315 416 431 392 633 652 230 541 417 324 847 128 486 362 0 
TIME_WINDOW_SECTION
1 0 8320
2 540 890
3 3730 4260
4 1300 1600
5 2600 2990
6 2170 2590
7 890 1030
8 3490 3810
9 5040 5340
10 4150 4500
11 1860 2110
12 390 570
13 1560 1730
14 2230 2380
15 980 1360
16 6460 6570
17 2880 3190
18 7230 7570
19 630 960
20 170 420
DEPOT_SECTION
1 
-1
EOF
