NAME : N20ft405.dat
TYPE : TSPTW
DIMENSION : 20
EDGE_WEIGHT_TYPE : EXPLICIT
EDGE_WEIGHT_FORMAT : FULL_MATRIX
EDGE_WEIGHT_SECTION
0 146 935 912 254 533 588 480 467 580 608 868 660 161 610 315 404 461 764 652 
146 0 824 799 398 396 478 488 547 489 665 815 582 308 530 460 503 329 718 592 
935 824 0 26 1106 471 347 699 955 369 913 417 342 1066 369 1169 1004 509 456 413 
912 799 26 0 1085 444 323 686 941 350 903 421 329 1044 353 1148 988 483 454 403 
254 398 1106 1085 0 759 772 502 353 736 518 946 790 106 747 65 259 682 836 756 
533 396 471 444 759 0 188 560 757 275 802 633 379 689 337 825 762 78 579 443 
588 478 347 323 772 188 0 448 683 99 690 445 193 724 158 837 710 184 395 264 
480 488 699 686 502 560 448 0 256 362 243 449 356 519 336 550 318 493 339 292 
467 547 955 941 353 757 683 256 0 607 165 684 612 419 588 377 96 681 578 548 
580 489 369 350 736 275 99 362 607 0 601 365 108 701 62 799 645 250 303 167 
608 665 913 903 518 802 690 243 165 601 0 586 576 580 566 542 261 732 489 499 
868 815 417 421 946 633 445 449 684 365 586 0 257 948 306 998 762 615 110 222 
660 582 342 329 790 379 193 356 612 108 576 257 0 767 52 850 664 358 202 84 
161 308 1066 1044 106 689 724 519 419 701 580 948 767 0 721 158 334 614 839 744 
610 530 369 353 747 337 158 336 588 62 566 306 52 721 0 808 634 310 241 106 
315 460 1169 1148 65 825 837 550 377 799 542 998 850 158 808 0 281 748 888 813 
404 503 1004 988 259 762 710 318 96 645 261 762 664 334 634 281 0 684 653 608 
461 329 509 483 682 78 184 493 681 250 732 615 358 614 310 748 684 0 549 410 
764 718 456 454 836 579 395 339 578 303 489 110 202 839 241 888 653 549 0 139 
652 592 413 403 756 443 264 292 548 167 499 222 84 744 106 813 608 410 139 0 
TIME_WINDOW_SECTION
1 0 7320
2 960 1460
3 6080 6380
4 2860 3200
5 740 1230
6 1440 1680
7 1780 2090
8 3620 3880
9 3860 4040
10 1700 2390
11 5060 5530
12 3220 3590
13 2440 2580
14 40 170
15 1910 2340
16 130 540
17 440 950
18 4410 5070
19 2010 2520
20 2160 2360
DEPOT_SECTION
1 
-1
EOF
