NAME : N40ft209.dat
TYPE : TSPTW
DIMENSION : 40
EDGE_WEIGHT_TYPE : EXPLICIT
EDGE_WEIGHT_FORMAT : FULL_MATRIX
EDGE_WEIGHT_SECTION
0 222 181 473 393 576 694 574 600 774 811 721 555 103 759 418 185 461 379 662 551 423 771 454 789 303 93 724 767 199 337 136 933 932 448 434 619 238 697 502 
222 0 67 271 197 500 473 389 379 559 602 584 421 297 715 296 345 470 249 446 473 334 629 241 572 159 238 747 552 117 353 339 740 720 461 243 497 83 506 571 
181 67 0 337 264 462 526 398 435 592 630 570 403 272 671 357 334 412 310 481 435 296 616 273 609 220 177 689 611 56 291 283 755 751 402 310 475 139 519 506 
473 271 337 0 79 662 265 413 176 442 502 659 530 517 884 195 529 699 177 340 637 515 689 240 436 187 507 965 302 377 597 602 684 598 693 47 607 235 485 821 
393 197 264 79 0 627 331 411 237 484 541 649 508 438 849 169 454 644 135 375 601 472 684 230 484 113 430 915 379 308 536 524 713 645 636 46 586 155 499 759 
576 500 462 662 627 0 671 320 627 563 551 219 160 679 222 779 761 207 733 512 27 166 266 430 601 649 496 345 797 409 267 573 546 655 218 666 129 582 386 350 
694 473 526 265 331 671 0 354 95 224 289 581 513 757 875 453 782 780 442 176 652 572 592 283 201 444 704 1011 127 545 711 810 482 356 779 312 573 471 352 926 
574 389 398 413 411 320 354 0 325 258 267 247 160 670 521 580 730 462 543 191 304 260 275 181 291 483 536 665 481 376 430 643 358 388 465 435 219 448 123 617 
600 379 435 176 237 627 95 325 0 273 337 567 474 662 840 370 687 715 354 187 606 511 586 211 262 350 613 959 185 457 636 718 526 424 713 222 542 375 356 856 
774 559 592 442 484 563 224 258 273 0 65 414 407 856 736 637 900 720 615 114 552 518 411 319 39 590 756 907 328 589 685 865 258 163 724 483 442 588 181 875 
811 602 630 502 541 551 289 267 337 65 0 382 400 898 709 697 946 721 673 165 542 525 372 360 93 643 787 891 390 621 697 896 193 123 725 543 425 637 164 876 
721 584 570 659 649 219 581 247 567 414 382 0 166 824 328 817 898 425 776 404 226 306 51 420 454 707 657 524 706 529 463 749 334 467 435 678 107 657 236 569 
555 421 403 530 508 160 513 160 474 407 400 166 0 658 365 670 731 322 627 352 145 151 215 290 443 552 494 505 639 362 323 590 431 512 328 541 78 497 236 477 
103 297 272 517 438 679 757 670 662 856 898 824 658 0 859 423 87 556 391 743 654 526 873 537 869 333 187 811 818 298 435 172 1027 1017 542 473 723 287 791 581 
759 715 671 884 849 222 875 521 840 736 709 328 365 859 0 999 944 310 953 706 248 382 351 650 776 868 671 223 1002 616 424 727 649 795 325 888 302 798 555 380 
418 296 357 195 169 779 453 580 370 637 697 817 670 423 999 0 405 767 47 533 752 617 853 399 631 137 484 1043 460 412 648 555 876 793 758 154 749 217 667 863 
185 345 334 529 454 761 782 730 687 900 946 898 731 87 944 405 0 642 381 786 735 605 946 585 910 342 273 898 830 369 521 254 1085 1063 629 483 799 314 850 667 
461 470 412 699 644 207 780 462 715 720 721 425 322 556 310 767 642 0 719 646 199 209 473 504 754 629 369 277 898 355 125 416 744 835 14 688 326 551 558 154 
379 249 310 177 135 733 442 543 354 615 673 776 627 391 953 47 381 719 0 508 706 571 813 362 611 90 441 996 462 365 601 515 848 774 710 132 706 171 634 816 
662 446 481 340 375 512 176 191 187 114 165 404 352 743 706 533 786 646 508 0 496 438 415 207 128 478 647 857 301 481 597 757 344 276 647 379 404 475 176 798 
551 473 435 637 601 27 652 304 606 552 542 226 145 654 248 752 735 199 706 496 0 139 275 407 588 623 472 360 777 383 247 551 547 649 208 640 128 555 377 347 
423 334 296 515 472 166 572 260 511 518 525 306 151 526 382 617 605 209 571 438 139 0 357 301 550 485 352 452 692 245 175 443 578 643 209 513 199 416 367 359 
771 629 616 689 684 266 592 275 586 411 372 51 215 873 351 853 946 473 813 415 275 357 0 454 450 747 707 557 716 577 514 800 300 446 483 710 158 700 241 615 
454 241 273 240 230 430 283 181 211 319 360 420 290 537 650 399 585 504 362 207 407 301 454 0 335 306 442 752 395 276 427 551 507 480 502 257 366 282 278 645 
789 572 609 436 484 601 201 291 262 39 93 454 443 869 776 631 910 754 611 128 588 550 450 335 0 592 776 945 297 609 715 885 283 162 757 479 481 596 220 908 
303 159 220 187 113 649 444 483 350 590 643 707 552 333 868 137 342 629 90 478 623 485 747 306 592 0 357 906 489 274 511 439 808 752 620 141 631 80 584 726 
93 238 177 507 430 496 704 536 613 756 787 657 494 187 671 484 273 369 441 647 472 352 707 442 776 357 0 631 789 166 248 109 892 910 356 474 552 282 659 410 
724 747 689 965 915 345 1011 665 959 907 891 524 505 811 223 1043 898 277 996 857 360 452 557 752 945 906 631 0 1135 632 400 653 857 988 287 958 466 828 728 241 
767 552 611 302 379 797 127 481 185 328 390 706 639 818 1002 460 830 898 462 301 777 692 716 395 297 489 789 1135 0 638 822 891 580 429 896 347 700 532 475 1041 
199 117 56 377 308 409 545 376 457 589 621 529 362 298 616 412 369 355 365 481 383 245 577 276 609 274 166 632 638 0 236 276 735 744 346 354 431 195 500 454 
337 353 291 597 536 267 711 430 636 685 697 463 323 435 424 648 521 125 601 597 247 175 514 427 715 511 248 400 822 236 0 308 753 817 113 581 355 431 542 224 
136 339 283 602 524 573 810 643 718 865 896 749 590 172 727 555 254 416 515 757 551 443 800 551 885 439 109 653 891 276 308 0 998 1019 402 566 642 370 766 416 
933 740 755 684 713 546 482 358 526 258 193 334 431 1027 649 876 1085 744 848 344 547 578 300 507 283 808 892 857 580 735 753 998 0 183 752 721 419 789 235 895 
932 720 751 598 645 655 356 388 424 163 123 467 512 1017 795 793 1063 835 774 276 649 643 446 480 162 752 910 988 429 744 817 1019 183 0 840 642 527 752 277 989 
448 461 402 693 636 218 779 465 713 724 725 435 328 542 325 758 629 14 710 647 208 209 483 502 757 620 356 287 896 346 113 402 752 840 0 681 335 541 563 151 
434 243 310 47 46 666 312 435 222 483 543 678 541 473 888 154 483 688 132 379 640 513 710 257 479 141 474 958 347 354 581 566 721 642 681 0 619 196 515 805 
619 497 475 607 586 129 573 219 542 442 425 107 78 723 302 749 799 326 706 404 128 199 158 366 481 631 552 466 700 431 355 642 419 527 335 619 0 574 262 475 
238 83 139 235 155 582 471 448 375 588 637 657 497 287 798 217 314 551 171 475 555 416 700 282 596 80 282 828 532 195 431 370 789 752 541 196 574 0 558 645 
697 506 519 485 499 386 352 123 356 181 164 236 236 791 555 667 850 558 634 176 377 367 241 278 220 584 659 728 475 500 542 766 235 277 563 515 262 558 0 713 
502 571 506 821 759 350 926 617 856 875 876 569 477 581 380 863 667 154 816 798 347 359 615 645 908 726 410 241 1041 454 224 416 895 989 151 805 475 645 713 0 
TIME_WINDOW_SECTION
1 0 10330
2 780 1070
3 8480 8690
4 4730 4940
5 4830 4930
6 2890 3060
7 4260 4420
8 5900 6230
9 5350 5590
10 5630 5810
11 3820 4050
12 6280 6420
13 2490 2770
14 0 280
15 3070 3440
16 4980 5330
17 450 620
18 1420 1680
19 6970 7170
20 4130 4290
21 2660 2920
22 2390 2490
23 3480 3770
24 6580 6880
25 3890 4160
26 4890 5150
27 1020 1400
28 1830 2060
29 4390 4560
30 920 1190
31 1320 1630
32 160 340
33 9170 9390
34 7770 7900
35 2120 2430
36 5170 5330
37 2750 2990
38 780 850
39 3690 3980
40 1710 1830
DEPOT_SECTION
1 
-1
EOF
