NAME : N40ft202.dat
TYPE : TSPTW
DIMENSION : 40
EDGE_WEIGHT_TYPE : EXPLICIT
EDGE_WEIGHT_FORMAT : FULL_MATRIX
EDGE_WEIGHT_SECTION
0 878 1087 315 121 1000 512 246 516 606 664 280 791 936 157 797 591 260 254 1088 532 594 995 25 1158 654 807 547 194 922 618 840 754 238 801 216 742 667 429 981 
878 0 289 664 756 460 438 803 507 687 684 617 285 75 763 629 310 648 784 440 355 713 151 879 467 343 249 699 742 74 366 267 184 921 411 661 259 350 466 161 
1087 289 0 922 967 703 710 958 621 730 703 809 570 300 951 590 496 888 1038 210 558 759 140 1094 201 630 533 764 922 316 484 545 334 1170 694 873 351 638 657 363 
315 664 922 0 239 695 236 444 503 686 733 286 507 706 323 821 451 95 120 981 387 687 804 300 1040 372 531 640 341 690 532 559 597 259 496 213 617 381 337 732 
121 756 967 239 0 897 404 216 411 533 588 165 679 815 93 709 471 161 228 975 410 525 874 127 1043 544 693 477 123 802 503 728 633 279 700 95 623 559 309 862 
1000 460 703 695 897 0 494 1038 848 1063 1076 827 248 412 950 1059 635 741 799 890 636 1082 570 990 902 362 259 1054 946 399 740 221 604 927 198 821 684 344 720 339 
512 438 710 236 404 494 0 550 445 662 695 341 278 474 456 739 298 253 356 799 251 673 583 505 850 141 298 634 454 457 407 329 406 495 299 327 449 154 276 495 
246 803 958 444 216 1038 550 0 340 371 429 211 801 872 123 573 494 353 444 919 451 354 892 270 992 676 806 309 103 863 474 844 645 476 849 237 608 694 342 936 
516 507 621 503 411 848 445 340 0 220 249 250 600 581 361 317 215 420 579 581 215 236 569 530 654 513 590 206 326 576 144 629 328 677 690 338 276 533 176 659 
606 687 730 686 533 1063 662 371 220 0 58 403 816 763 454 211 427 594 740 626 435 29 715 627 700 734 804 61 416 761 328 842 503 812 910 489 431 754 387 847 
664 684 703 733 588 1076 695 429 249 58 0 453 832 759 510 157 443 643 791 586 458 79 699 684 660 757 817 119 473 758 336 855 500 867 931 540 424 777 423 845 
280 617 809 286 165 827 341 211 250 403 453 0 590 681 146 559 317 192 338 810 262 402 723 290 878 464 596 355 126 670 338 634 478 427 638 88 461 482 153 738 
791 285 570 507 679 248 278 801 600 816 832 590 0 276 721 824 389 532 624 723 388 835 429 784 752 137 37 806 712 258 497 51 381 761 127 595 457 126 474 255 
936 75 300 706 815 412 474 872 581 763 759 681 276 0 827 700 380 698 827 477 422 788 160 936 493 362 238 774 807 18 441 246 260 965 396 721 334 365 532 89 
157 763 951 323 93 950 456 123 361 454 510 146 721 827 0 640 462 235 321 939 408 443 869 175 1010 590 730 395 37 815 472 767 623 363 755 129 601 606 299 882 
797 629 590 821 709 1059 739 573 317 211 157 559 824 700 640 0 454 737 895 447 489 236 612 816 519 774 803 270 602 703 338 838 457 984 936 647 376 793 488 790 
591 310 496 451 471 635 298 494 215 427 443 317 389 380 462 454 0 400 558 530 64 447 406 597 591 321 376 421 437 372 115 415 162 684 489 377 166 340 163 451 
260 648 888 95 161 741 253 353 420 594 643 192 532 698 235 737 400 0 162 929 335 594 779 252 991 395 550 547 249 684 466 582 556 283 542 118 565 408 264 735 
254 784 1038 120 228 799 356 444 579 740 791 338 624 827 321 895 558 162 0 1089 494 736 923 233 1150 490 649 688 349 811 629 676 710 138 603 251 725 498 427 852 
1088 440 210 981 975 890 799 919 581 626 586 810 723 477 939 447 530 929 1089 0 595 655 321 1100 74 752 688 672 905 491 472 708 393 1211 850 887 364 764 672 554 
532 355 558 387 410 636 251 451 215 435 458 262 388 422 408 489 64 335 494 595 0 451 463 537 656 299 381 419 386 412 157 421 224 619 475 316 230 319 110 485 
594 713 759 687 525 1082 673 354 236 29 79 402 835 788 443 236 447 594 736 655 451 0 743 615 730 749 824 48 406 786 351 862 528 804 926 486 457 769 397 872 
995 151 140 804 874 570 583 892 569 715 699 723 429 160 869 612 406 779 923 321 463 743 0 999 333 494 392 739 843 176 425 404 247 1058 553 778 294 501 570 232 
25 879 1094 300 127 990 505 270 530 627 684 290 784 936 175 816 597 252 233 1100 537 615 999 0 1169 647 801 568 213 922 628 834 760 212 791 221 750 660 436 979 
1158 467 201 1040 1043 902 850 992 654 700 660 878 752 493 1010 519 591 991 1150 74 656 730 333 1169 0 793 716 747 976 508 540 733 446 1275 879 954 426 804 738 563 
654 343 630 372 544 362 141 676 513 734 757 464 137 362 590 774 321 395 490 752 299 749 494 647 793 0 159 716 584 345 436 188 371 627 179 462 434 19 366 368 
807 249 533 531 693 259 298 806 590 804 817 596 37 238 730 803 376 550 649 688 381 824 392 801 716 159 0 797 720 220 481 39 355 786 162 607 432 152 474 220 
547 699 764 640 477 1054 634 309 206 61 119 355 806 774 395 270 421 547 688 672 419 48 739 568 747 716 797 0 358 771 333 836 515 756 894 438 448 736 358 855 
194 742 922 341 123 946 454 103 326 416 473 126 712 807 37 602 437 249 349 905 386 406 843 213 976 584 720 358 0 796 441 758 596 399 753 134 571 601 276 865 
922 74 316 690 802 399 457 863 576 761 758 670 258 18 815 703 372 684 811 491 412 786 176 922 508 345 220 771 796 0 437 228 258 949 378 708 334 347 522 86 
618 366 484 532 503 740 407 474 144 328 336 338 497 441 472 338 115 466 629 472 157 351 425 628 540 436 481 333 441 437 0 518 184 744 602 415 134 455 203 522 
840 267 545 559 728 221 329 844 629 842 855 634 51 246 767 838 415 582 676 708 421 862 404 834 733 188 39 836 758 228 518 0 387 813 150 643 466 178 513 212 
754 184 334 597 633 604 406 645 328 503 500 478 381 260 623 457 162 556 710 393 224 528 247 760 446 371 355 515 596 258 184 387 0 839 503 539 80 386 325 344 
238 921 1170 259 279 927 495 476 677 812 867 427 761 965 363 984 684 283 138 1211 619 804 1058 212 1275 627 786 756 399 949 744 813 839 0 733 339 849 635 541 990 
801 411 694 496 700 198 299 849 690 910 931 638 127 396 755 936 489 542 603 850 475 926 553 791 879 179 162 894 753 378 602 150 503 733 0 626 577 159 545 360 
216 661 873 213 95 821 327 237 338 489 540 88 595 721 129 647 377 118 251 887 316 486 778 221 954 462 607 438 134 708 415 643 539 339 626 0 532 478 217 769 
742 259 351 617 623 684 449 608 276 431 424 461 457 334 601 376 166 565 725 364 230 457 294 750 426 434 432 448 571 334 134 466 80 849 577 532 0 451 314 421 
667 350 638 381 559 344 154 694 533 754 777 482 126 365 606 793 340 408 498 764 319 769 501 660 804 19 152 736 601 347 455 178 386 635 159 478 451 0 386 366 
429 466 657 337 309 720 276 342 176 387 423 153 474 532 299 488 163 264 427 672 110 397 570 436 738 366 474 358 276 522 203 513 325 541 545 217 314 386 0 594 
981 161 363 732 862 339 495 936 659 847 845 738 255 89 882 790 451 735 852 554 485 872 232 979 563 368 220 855 865 86 522 212 344 990 360 769 421 366 594 0 
TIME_WINDOW_SECTION
1 0 10280
2 3130 3430
3 5240 5430
4 740 930
5 0 270
6 4330 4540
7 8870 8940
8 1340 1510
9 2490 2620
10 9540 9670
11 7430 7630
12 1160 1240
13 3650 3810
14 3160 3380
15 1290 1380
16 7660 7740
17 2210 2440
18 320 390
19 360 650
20 8020 8260
21 2630 2980
22 7330 7540
23 5740 6000
24 1540 1820
25 5470 5580
26 6320 6530
27 3810 4020
28 7200 7430
29 6860 7040
30 4660 4790
31 2380 2500
32 3620 3720
33 4910 5170
34 580 660
35 4060 4270
36 80 310
37 2860 3080
38 3760 3930
39 2000 2170
40 3420 3630
DEPOT_SECTION
1 
-1
EOF
