NAME : N40ft210.dat
TYPE : TSPTW
DIMENSION : 40
EDGE_WEIGHT_TYPE : EXPLICIT
EDGE_WEIGHT_FORMAT : FULL_MATRIX
EDGE_WEIGHT_SECTION
0 740 283 490 322 330 303 602 499 421 333 702 144 764 796 424 855 840 814 387 654 360 275 549 273 544 613 553 160 790 342 576 829 283 572 395 256 625 277 470 
740 0 906 524 780 876 765 267 966 583 467 401 603 242 83 473 440 392 297 362 314 415 683 894 804 330 525 430 700 557 489 641 421 634 374 907 491 480 874 887 
283 906 0 765 173 89 173 698 242 398 587 957 340 855 976 470 883 1085 1044 548 722 597 558 339 115 786 594 585 212 1061 422 502 1079 283 627 144 432 893 513 248 
490 524 765 0 740 791 719 593 946 684 202 249 441 700 530 600 877 399 414 407 671 231 258 949 719 193 781 675 575 301 536 830 374 617 649 850 407 142 449 893 
322 780 173 740 0 103 21 551 208 232 543 896 300 701 857 318 714 1010 956 441 565 537 581 227 66 718 422 422 173 1019 291 329 1010 149 469 127 351 852 594 154 
330 876 89 791 103 0 113 652 169 335 602 966 352 804 951 420 816 1086 1038 528 668 604 604 251 76 790 523 526 216 1080 387 422 1084 242 573 65 425 912 583 160 
303 765 173 719 21 113 0 539 229 225 522 876 278 691 841 307 710 990 937 422 556 516 560 247 60 697 420 415 152 998 275 333 990 132 460 145 331 831 576 176 
602 267 698 593 551 652 539 0 719 332 445 578 458 162 350 232 289 622 536 234 78 391 649 634 587 433 260 163 513 738 280 374 641 415 107 673 351 613 807 638 
499 966 242 946 208 169 229 719 0 387 751 1104 504 854 1045 493 826 1216 1159 642 716 745 771 138 230 925 533 570 371 1227 486 408 1217 351 624 103 559 1060 751 82 
421 583 398 684 232 335 225 332 387 0 484 780 314 473 664 111 484 870 801 299 335 454 605 313 283 603 202 191 273 924 147 160 878 142 240 345 282 766 690 306 
333 467 587 202 543 602 522 445 751 484 0 371 250 580 504 406 734 507 482 226 520 56 217 747 528 211 597 495 385 477 337 633 496 415 478 658 205 309 406 694 
702 401 957 249 896 966 876 578 1104 780 371 0 617 629 369 677 826 149 180 481 651 361 502 1079 890 179 818 708 751 160 638 900 128 755 665 1017 544 120 697 1040 
144 603 340 441 300 352 278 458 504 314 250 617 0 620 664 292 716 745 706 245 511 257 297 517 278 445 489 419 135 728 207 475 739 197 433 409 113 559 381 454 
764 242 855 700 701 804 691 162 854 473 580 629 620 0 313 385 198 635 540 388 137 524 793 756 742 518 343 284 675 789 441 474 662 572 232 819 511 690 961 772 
796 83 976 530 857 951 841 350 1045 664 504 369 664 313 0 553 507 333 236 429 396 455 714 976 878 338 608 514 768 516 565 725 366 709 457 984 554 464 910 967 
424 473 470 600 318 420 307 232 493 111 406 677 292 385 553 0 435 761 691 199 253 369 559 425 357 501 201 129 301 824 85 229 771 187 159 441 222 670 672 414 
855 440 883 877 714 816 710 289 826 484 734 826 716 198 507 435 0 833 738 518 215 680 935 707 767 704 295 306 736 986 513 418 861 614 283 815 620 881 1084 746 
840 392 1085 399 1010 1086 990 622 1216 870 507 149 745 635 333 761 833 0 96 577 687 488 652 1178 1010 299 877 770 875 214 737 973 40 864 720 1135 661 265 847 1147 
814 297 1044 414 956 1038 937 536 1159 801 482 180 706 540 236 691 738 96 0 517 598 454 653 1113 962 271 794 689 831 294 674 895 130 808 637 1082 613 299 852 1087 
387 362 548 407 441 528 422 234 642 299 226 481 245 388 429 199 518 577 517 0 303 179 417 601 453 304 374 270 338 625 159 428 582 292 252 568 131 471 573 570 
654 314 722 671 565 668 556 78 716 335 520 651 511 137 396 253 215 687 598 303 0 466 720 620 608 510 216 146 550 812 318 343 709 440 95 681 410 690 872 634 
360 415 597 231 537 604 516 391 745 454 56 361 257 524 455 369 680 488 454 179 466 0 273 732 528 188 553 449 389 483 306 598 481 401 429 657 187 318 459 684 
275 683 558 258 581 604 560 649 771 605 217 502 297 793 714 559 935 652 653 417 720 273 0 806 541 391 759 670 407 553 476 766 630 495 665 668 336 400 200 734 
549 894 339 949 227 251 247 634 138 313 747 1079 517 756 976 425 707 1178 1113 601 620 732 806 0 279 899 421 476 399 1214 442 290 1184 332 532 197 544 1050 819 90 
273 804 115 719 66 76 60 587 230 283 528 890 278 742 878 357 767 1010 962 453 608 528 541 279 0 714 480 470 143 1006 316 393 1008 173 513 131 349 838 539 197 
544 330 786 193 718 790 697 433 925 603 211 179 445 518 338 501 704 299 271 304 510 188 391 899 714 0 655 545 576 322 459 728 294 575 507 840 366 180 591 860 
613 525 594 781 422 523 420 260 533 202 597 818 489 343 608 201 295 877 794 374 216 553 759 421 480 655 0 110 472 974 285 132 894 342 156 520 423 833 871 452 
553 430 585 675 422 526 415 163 570 191 495 708 419 284 514 129 306 770 689 270 146 449 670 476 470 545 110 0 429 864 211 211 785 309 57 536 336 723 796 487 
160 700 212 575 173 216 152 513 371 273 385 751 135 675 768 301 736 875 831 338 550 389 407 399 143 576 472 429 0 863 233 421 870 130 460 274 219 695 437 327 
790 557 1061 301 1019 1080 998 738 1227 924 477 160 728 789 516 824 986 214 294 625 812 483 553 1214 1006 322 974 864 863 0 778 1050 173 884 823 1136 671 168 730 1168 
342 489 422 536 291 387 275 280 486 147 337 638 207 441 565 85 513 737 674 159 318 306 476 442 316 459 285 211 233 778 0 297 742 144 231 419 141 619 587 413 
576 641 502 830 329 422 333 374 408 160 633 900 475 474 725 229 418 973 895 428 343 598 766 290 393 728 132 211 421 1050 297 0 986 293 267 408 437 899 848 329 
829 421 1079 374 1010 1084 990 641 1217 878 496 128 739 662 366 771 861 40 130 582 709 481 630 1184 1008 294 894 785 870 173 742 986 0 866 738 1133 659 237 824 1150 
283 634 283 617 149 242 132 415 351 142 415 755 197 572 709 187 614 864 808 292 440 401 495 332 173 575 342 309 130 884 144 293 866 0 346 277 213 719 557 284 
572 374 627 649 469 573 460 107 624 240 478 665 433 232 457 159 283 720 637 252 95 429 665 532 513 507 156 57 460 823 231 267 738 346 0 586 339 687 803 542 
395 907 144 850 127 65 145 673 103 345 658 1017 409 819 984 441 815 1135 1082 568 681 657 668 197 131 840 520 536 274 1136 419 408 1133 277 586 0 474 968 648 107 
256 491 432 407 351 425 331 351 559 282 205 544 113 511 554 222 620 661 613 131 410 187 336 544 349 366 423 336 219 671 141 437 659 213 339 474 0 505 464 497 
625 480 893 142 852 912 831 613 1060 766 309 120 559 690 464 670 881 265 299 471 690 318 400 1050 838 180 833 723 695 168 619 899 237 719 687 968 505 0 589 1001 
277 874 513 449 594 583 576 807 751 690 406 697 381 961 910 672 1084 847 852 573 872 459 200 819 539 591 871 796 437 730 587 848 824 557 803 648 464 589 0 735 
470 887 248 893 154 160 176 638 82 306 694 1040 454 772 967 414 746 1147 1087 570 634 684 734 90 197 860 452 487 327 1168 413 329 1150 284 542 107 497 1001 735 0 
TIME_WINDOW_SECTION
1 0 10420
2 6940 7050
3 5630 5840
4 1910 2080
5 5850 6030
6 5520 5690
7 10010 10110
8 3730 3780
9 5140 5300
10 570 650
11 1360 1590
12 2780 2990
13 200 390
14 3410 3700
15 3110 3470
16 4510 4700
17 4160 4220
18 2900 3120
19 2950 3190
20 1210 1340
21 3930 4040
22 1020 1300
23 2260 2360
24 5050 5230
25 5800 6050
26 1550 1740
27 6400 6620
28 4450 4680
29 100 320
30 7380 7620
31 700 820
32 4650 4900
33 9060 9280
34 330 670
35 3790 4050
36 5240 5440
37 870 1110
38 1810 1950
39 8220 8300
40 5390 5560
DEPOT_SECTION
1 
-1
EOF
