NAME : N40ft407.dat
TYPE : TSPTW
DIMENSION : 40
EDGE_WEIGHT_TYPE : EXPLICIT
EDGE_WEIGHT_FORMAT : FULL_MATRIX
EDGE_WEIGHT_SECTION
0 633 963 941 670 683 635 730 960 889 864 199 631 1076 1048 425 1081 430 902 910 592 555 689 229 642 551 626 541 433 653 55 723 564 907 94 131 711 609 808 941 
633 0 513 617 898 680 325 530 497 683 383 533 830 835 806 333 878 298 455 572 58 564 208 701 882 126 7 796 453 594 585 670 299 752 655 615 706 63 722 702 
963 513 0 190 830 538 328 328 22 342 129 952 769 399 377 537 460 535 63 161 567 532 319 904 831 632 518 796 561 470 934 489 399 422 935 1005 544 576 475 315 
941 617 190 0 682 395 339 220 212 158 273 970 627 224 198 531 279 542 202 45 664 433 409 838 687 722 622 670 511 347 922 340 408 234 895 1006 393 679 304 125 
670 898 830 682 0 292 626 504 843 537 820 830 68 665 649 572 630 609 797 685 901 343 775 446 28 914 895 130 448 366 695 343 612 490 578 796 289 925 386 593 
683 680 538 395 292 0 370 214 551 263 534 785 233 427 404 400 414 433 506 394 699 142 521 514 294 729 680 279 294 88 685 56 380 244 610 786 30 721 132 322 
635 325 328 339 626 370 0 205 326 366 241 636 559 535 505 210 569 211 267 299 357 284 151 588 617 404 326 551 248 282 607 351 72 430 608 682 393 376 398 394 
730 530 328 220 504 214 205 0 340 173 321 779 442 357 327 342 379 362 293 203 562 214 340 617 503 607 531 468 296 141 715 173 251 226 679 805 226 582 197 216 
960 497 22 212 843 551 326 340 0 361 114 944 782 421 399 535 483 531 58 181 552 540 307 906 843 618 503 806 563 481 930 504 396 442 934 999 558 561 492 337 
889 683 342 158 537 263 366 173 361 0 396 950 488 187 158 514 206 535 338 180 721 343 481 754 545 771 686 542 458 244 879 207 421 81 830 972 254 739 151 59 
864 383 129 273 820 534 241 321 114 396 0 837 755 496 471 442 552 434 76 230 438 494 195 829 816 504 389 766 489 454 831 494 305 477 845 896 547 447 502 387 
199 533 952 970 830 785 636 779 944 950 837 0 783 1136 1106 439 1152 427 889 932 481 645 646 413 803 426 526 700 499 736 150 814 564 983 285 96 815 493 897 995 
631 830 769 627 68 233 559 442 782 488 755 783 0 628 610 506 598 543 735 627 835 275 707 415 61 848 828 94 382 302 652 287 544 448 542 755 235 858 339 545 
1076 835 399 224 665 427 535 357 421 187 496 1136 628 0 30 699 67 718 423 269 879 526 627 934 679 934 839 697 646 427 1067 373 596 183 1016 1160 410 895 296 142 
1048 806 377 198 649 404 505 327 399 158 471 1106 610 30 0 669 83 688 399 242 849 499 598 908 662 904 810 676 617 400 1038 349 566 162 988 1130 388 866 275 112 
425 333 537 531 572 400 210 342 535 514 442 439 506 699 669 0 719 36 476 496 330 262 286 402 554 343 330 464 123 328 397 411 138 557 403 476 430 354 486 557 
1081 878 460 279 630 414 569 379 483 206 552 1152 598 67 83 719 0 741 481 322 919 526 672 927 646 972 882 673 656 427 1074 364 626 173 1016 1170 392 937 281 176 
430 298 535 542 609 433 211 362 531 535 434 427 543 718 688 36 741 0 473 505 293 297 267 425 591 306 295 500 160 359 398 442 138 581 415 471 463 317 514 575 
902 455 63 202 797 506 267 293 58 338 76 889 735 423 399 476 481 473 0 162 509 487 258 848 796 573 461 755 505 432 872 461 338 419 875 942 516 519 457 322 
910 572 161 45 685 394 299 203 181 180 230 932 627 269 242 496 322 505 162 0 619 417 364 816 688 677 576 665 483 338 889 341 369 260 868 972 395 633 316 159 
592 58 567 664 901 699 357 562 552 721 438 481 835 879 849 330 919 293 509 619 0 575 256 676 884 68 51 794 453 614 542 693 321 787 621 566 726 23 750 743 
555 564 532 433 343 142 284 214 540 343 494 645 275 526 499 262 526 297 487 417 575 0 432 411 333 599 563 272 151 99 552 170 270 352 490 650 173 598 254 399 
689 208 319 409 775 521 151 340 307 481 195 646 707 627 598 286 672 267 258 364 256 432 0 688 765 317 212 694 369 432 652 499 171 553 682 710 543 270 538 495 
229 701 904 838 446 514 588 617 906 754 829 413 415 934 908 402 927 425 848 816 676 411 688 0 418 656 696 322 343 509 265 563 528 754 134 360 538 697 646 811 
642 882 831 687 28 294 617 503 843 545 816 803 61 679 662 554 646 591 796 688 884 333 765 418 0 895 879 103 430 363 667 347 600 502 550 769 294 907 395 602 
551 126 632 722 914 729 404 607 618 771 504 426 848 934 904 343 972 306 573 677 68 599 317 656 895 0 119 801 466 647 499 728 359 833 588 514 757 69 789 795 
626 7 518 622 895 680 326 531 503 686 389 526 828 839 810 330 882 295 461 576 51 563 212 696 879 119 0 793 450 594 578 670 299 754 649 607 706 58 723 705 
541 796 796 670 130 279 551 468 806 542 766 700 94 697 676 464 673 500 755 665 794 272 694 322 103 801 793 0 343 327 565 336 525 514 450 667 290 818 401 601 
433 453 561 511 448 294 248 296 563 458 489 499 382 646 617 123 656 160 505 483 453 151 369 343 430 466 450 343 0 236 420 316 198 485 384 514 325 476 398 509 
653 594 470 347 366 88 282 141 481 244 454 736 302 427 400 328 427 359 432 338 614 99 432 509 363 647 594 327 236 0 649 83 294 253 589 746 112 636 161 302 
55 585 934 922 695 685 607 715 930 879 831 150 652 1067 1038 397 1074 398 872 889 542 552 652 265 667 499 578 565 420 649 0 721 535 902 135 103 714 558 806 929 
723 670 489 340 343 56 351 173 504 207 494 814 287 373 349 411 364 442 461 341 693 170 499 563 347 728 670 336 316 83 721 0 372 191 654 820 54 715 85 265 
564 299 399 408 612 380 72 251 396 421 305 564 544 596 566 138 626 138 338 369 321 270 171 528 600 359 299 525 198 294 535 372 0 477 540 609 406 342 430 454 
907 752 422 234 490 244 430 226 442 81 477 983 448 183 162 557 173 581 419 260 787 352 553 754 502 833 754 514 485 253 902 191 477 0 842 998 226 806 113 114 
94 655 935 895 578 610 608 679 934 830 845 285 542 1016 988 403 1016 415 875 868 621 490 682 134 550 588 649 450 384 589 135 654 540 842 0 225 637 640 739 885 
131 615 1005 1006 796 786 682 805 999 972 896 96 755 1160 1130 476 1170 471 942 972 566 650 710 360 769 514 607 667 514 746 103 820 609 998 225 0 815 579 905 1021 
711 706 544 393 289 30 393 226 558 254 547 815 235 410 388 430 392 463 516 395 726 173 543 538 294 757 706 290 325 112 714 54 406 226 637 815 0 748 113 312 
609 63 576 679 925 721 376 582 561 739 447 493 858 895 866 354 937 317 519 633 23 598 270 697 907 69 58 818 476 636 558 715 342 806 640 579 748 0 771 760 
808 722 475 304 386 132 398 197 492 151 502 897 339 296 275 486 281 514 457 316 750 254 538 646 395 789 723 401 398 161 806 85 430 113 739 905 113 771 0 207 
941 702 315 125 593 322 394 216 337 59 387 995 545 142 112 557 176 575 322 159 743 399 495 811 602 795 705 601 509 302 929 265 454 114 885 1021 312 760 207 0 
TIME_WINDOW_SECTION
1 0 9050
2 7910 8410
3 4990 5330
4 4700 5230
5 2110 2620
6 1120 1480
7 7630 8010
8 1450 1720
9 3390 3900
10 5200 5530
11 3320 4030
12 60 440
13 2220 2330
14 4490 4720
15 3890 4530
16 2780 3070
17 4290 4620
18 2840 3250
19 3790 4120
20 3820 4280
21 7180 7580
22 1190 1480
23 3210 3600
24 670 910
25 5780 6180
26 7160 7750
27 7350 7450
28 2350 2540
29 1110 1340
30 1170 1780
31 160 320
32 1270 1610
33 2850 3320
34 4180 4670
35 60 130
36 6700 6820
37 1970 2260
38 7380 7750
39 1800 2110
40 4110 4170
DEPOT_SECTION
1 
-1
EOF
