NAME : N60ft203.dat
TYPE : TSPTW
DIMENSION : 60
EDGE_WEIGHT_TYPE : EXPLICIT
EDGE_WEIGHT_FORMAT : FULL_MATRIX
EDGE_WEIGHT_SECTION
0 121 628 117 616 626 222 341 427 179 535 664 359 437 452 293 487 355 594 369 242 379 407 623 169 213 387 421 158 550 352 376 644 491 146 366 447 627 155 378 301 274 360 446 270 321 376 631 270 803 441 641 513 94 609 506 495 279 531 138 
121 0 727 225 603 708 325 419 359 287 633 750 254 556 393 325 607 435 715 488 122 336 522 552 141 250 503 538 209 670 374 492 738 537 63 487 454 723 248 374 202 172 396 489 391 365 497 749 390 868 559 737 482 102 528 396 395 210 650 77 
628 727 0 510 654 146 406 746 774 603 94 117 849 488 756 830 490 743 451 500 845 682 263 896 792 774 544 537 725 318 489 295 45 367 772 368 529 28 479 949 798 898 867 389 477 436 451 569 406 335 516 30 687 720 930 980 926 718 509 683 
117 225 510 0 572 512 104 373 446 186 417 548 423 375 460 373 422 382 515 313 348 378 296 635 284 299 344 373 243 453 291 267 526 400 262 273 392 509 48 475 364 390 432 359 205 242 306 570 175 696 386 523 491 210 634 572 546 315 467 206 
616 603 654 572 0 525 548 943 318 758 598 578 489 890 272 907 926 954 970 846 644 279 675 300 742 828 888 908 773 853 282 673 626 292 665 742 182 629 528 975 481 730 976 287 746 345 818 1065 675 519 910 638 140 684 358 533 457 413 967 526 
626 708 146 512 525 0 411 807 687 642 151 54 787 587 662 866 598 806 579 584 817 596 338 787 795 801 630 631 747 444 407 363 107 253 760 447 423 117 471 979 741 880 913 288 536 369 537 695 455 215 615 121 576 721 827 906 844 657 624 651 
222 325 406 104 548 411 0 431 484 247 312 445 494 348 488 460 390 436 463 299 446 403 206 661 388 391 339 361 336 379 267 182 422 332 366 216 366 404 78 569 436 493 513 298 198 203 276 536 129 603 366 419 491 315 669 640 605 373 434 293 
341 419 746 373 943 807 431 0 766 187 670 826 673 312 792 161 350 18 474 264 494 720 483 962 316 189 234 262 211 514 665 451 779 762 387 379 765 757 420 270 621 463 147 726 271 615 309 443 352 1015 293 770 851 317 944 809 814 616 376 471 
427 359 774 446 318 687 484 766 0 602 690 740 174 819 46 684 866 780 947 759 357 92 677 196 497 609 790 819 564 859 284 660 763 439 412 699 273 756 423 723 181 441 756 399 651 341 749 1014 607 763 832 769 178 459 187 230 160 150 911 295 
179 287 603 186 758 642 247 187 602 0 518 668 536 280 624 226 330 196 448 211 393 547 346 798 245 176 218 254 140 437 478 312 630 576 282 263 579 610 232 346 480 395 270 539 142 427 234 466 197 844 278 623 671 203 787 682 674 457 371 318 
535 633 94 417 598 151 312 670 690 518 0 157 758 436 675 745 446 669 431 436 751 598 191 822 699 686 482 481 636 297 407 220 112 305 678 301 457 92 385 863 706 804 786 319 399 349 388 546 323 366 464 107 615 627 852 892 839 628 472 589 
664 750 117 548 578 54 445 826 740 668 157 0 838 590 716 894 596 825 566 593 862 650 348 841 832 831 639 636 779 432 460 376 72 307 801 458 478 90 509 1009 791 923 938 342 554 419 545 683 476 219 618 87 631 758 881 958 898 707 619 696 
359 254 849 423 489 787 494 673 174 536 758 838 0 791 221 564 840 689 938 724 204 222 701 331 371 496 746 779 462 872 383 677 847 557 289 696 410 837 419 582 59 282 634 511 620 418 725 986 598 896 798 851 349 355 292 149 142 130 885 222 
437 556 488 375 890 587 348 312 819 280 436 590 791 0 830 452 50 301 170 69 670 745 252 1005 525 435 78 53 415 206 614 235 529 637 560 152 709 507 397 573 732 676 458 617 170 547 72 196 218 802 28 516 840 482 1007 939 919 690 94 568 
452 393 756 460 272 662 488 792 46 624 675 716 221 830 0 718 875 807 951 772 399 85 675 175 533 641 804 832 594 858 267 660 742 411 449 704 242 737 432 762 225 484 789 374 663 330 758 1022 614 729 844 749 132 491 183 269 195 182 920 325 
293 325 830 373 907 866 460 161 684 226 745 894 564 452 718 0 495 180 620 392 368 656 571 877 193 79 375 407 135 640 645 537 857 773 276 481 740 836 421 123 521 321 71 731 360 608 431 601 423 1063 438 850 798 227 850 688 705 535 526 393 
487 607 490 422 926 598 390 350 866 330 446 596 840 50 875 495 0 337 124 119 720 790 272 1050 575 482 121 88 464 187 654 260 532 666 611 183 747 510 443 615 781 726 497 650 220 585 116 147 261 812 57 519 881 532 1053 989 968 738 44 618 
355 435 743 382 954 806 436 18 780 196 669 825 689 301 807 180 337 0 460 255 512 733 480 977 334 208 223 250 228 504 674 449 776 768 405 375 775 755 429 286 638 482 162 732 270 623 302 427 352 1016 281 767 863 334 959 826 831 631 361 486 
594 715 451 515 970 579 463 474 947 448 431 566 938 170 951 620 124 460 0 237 832 866 295 1123 694 606 245 213 585 134 711 298 496 693 725 247 798 475 526 740 879 843 621 685 324 642 218 118 342 785 182 481 942 647 1133 1087 1060 828 101 718 
369 488 500 313 846 584 299 264 759 211 436 593 724 69 772 392 119 255 237 0 600 688 245 947 456 370 47 62 347 250 567 221 537 606 491 136 665 515 339 515 666 607 405 582 108 501 48 262 171 798 73 526 789 413 947 873 855 627 162 502 
242 122 845 348 644 817 446 494 357 393 751 862 204 670 399 368 720 512 832 600 0 365 644 533 179 308 611 647 285 792 455 614 854 628 111 608 520 839 368 377 175 86 436 579 508 460 614 859 512 965 670 854 511 190 496 319 341 231 763 165 
379 336 682 378 279 596 403 720 92 547 598 650 222 745 85 656 790 733 866 688 365 0 590 259 477 577 721 749 527 774 192 575 671 351 395 619 192 664 348 709 203 451 726 309 580 250 674 938 529 682 760 677 147 428 267 312 248 134 835 262 
407 522 263 296 675 338 206 483 677 346 191 348 701 252 675 571 272 480 295 245 644 590 0 842 557 521 292 293 476 184 422 34 296 400 554 109 504 274 284 692 643 682 605 390 214 352 198 395 150 553 279 287 652 490 858 846 807 578 306 498 
623 552 896 635 300 787 661 962 196 798 822 841 331 1005 175 877 1050 977 1123 947 533 259 842 0 687 802 980 1008 759 1026 423 829 877 534 602 877 367 875 608 908 360 613 948 507 839 490 933 1197 789 815 1019 886 210 653 65 292 222 345 1094 491 
169 141 792 284 742 795 388 316 497 245 699 832 371 525 533 193 575 334 694 456 179 477 557 687 0 128 458 494 114 676 501 523 809 653 84 495 588 792 324 233 328 153 263 607 380 481 479 705 410 972 521 806 623 74 658 498 513 350 614 217 
213 250 774 299 828 801 391 189 609 176 686 831 496 435 641 79 482 208 606 370 308 577 521 802 128 0 362 397 57 609 566 486 798 697 207 439 661 779 347 177 449 274 149 654 318 531 402 602 371 994 426 793 718 150 778 626 638 459 518 316 
387 503 544 344 888 630 339 234 790 218 482 639 746 78 804 375 121 223 245 47 611 721 292 980 458 362 0 35 346 281 607 268 582 651 501 182 706 560 374 495 688 611 380 627 142 542 93 248 214 845 64 571 826 421 977 894 879 653 156 524 
421 538 537 373 908 631 361 262 819 254 481 636 779 53 832 407 88 250 213 62 647 749 293 1008 494 397 35 0 381 260 629 272 577 665 536 187 727 555 401 526 721 647 409 643 169 564 97 212 233 846 31 565 851 457 1007 927 911 685 121 557 
158 209 725 243 773 747 336 211 564 140 636 779 462 415 594 135 464 228 585 347 285 527 476 759 114 57 346 381 0 577 509 442 748 640 177 401 605 729 290 232 412 268 202 597 281 474 374 592 326 938 409 743 667 107 737 598 604 414 502 269 
550 670 318 453 853 444 379 514 859 437 297 432 872 206 858 640 187 504 134 250 792 774 184 1026 676 609 281 260 577 0 606 199 363 570 691 183 686 342 453 764 813 816 656 566 296 537 209 251 280 651 231 349 836 619 1041 1019 985 753 196 660 
352 374 489 291 282 407 267 665 284 478 407 460 383 614 267 645 654 674 711 567 455 192 422 423 501 566 607 629 509 606 0 413 479 177 437 472 101 472 246 728 342 533 710 129 465 69 542 797 396 518 633 485 230 434 447 498 439 257 696 300 
376 492 295 267 673 363 182 451 660 312 220 376 677 235 660 537 260 449 298 221 614 575 34 829 523 486 268 272 442 199 413 0 327 406 522 85 499 305 258 658 619 650 572 392 181 343 176 391 116 578 261 318 643 457 843 823 787 556 298 471 
644 738 45 526 626 107 422 779 763 630 112 72 847 529 742 857 532 776 496 537 854 671 296 877 809 798 582 577 748 363 479 327 0 344 785 404 510 22 492 975 797 910 897 371 508 430 489 614 434 289 557 15 667 737 913 974 917 716 553 690 
491 537 367 400 292 253 332 762 439 576 305 307 557 637 411 773 666 768 693 606 628 351 400 534 653 697 651 665 640 570 177 406 344 0 598 484 170 343 351 869 519 703 833 48 520 173 570 796 438 340 661 354 323 581 573 664 599 433 704 467 
146 63 772 262 665 760 366 387 412 282 678 801 289 560 449 276 611 405 725 491 111 395 554 602 84 207 501 536 177 691 437 522 785 598 0 507 518 769 293 314 244 128 347 550 402 425 506 749 414 925 560 783 542 79 573 421 431 266 653 140 
366 487 368 273 742 447 216 379 699 263 301 458 696 152 704 481 183 375 247 136 608 619 109 877 495 439 182 187 401 183 472 85 404 484 507 0 564 382 280 604 637 633 508 466 121 403 90 324 98 662 177 394 701 436 886 844 815 582 224 479 
447 454 529 392 182 423 366 765 273 579 457 478 410 709 242 740 747 775 798 665 520 192 504 367 588 661 706 727 605 686 101 499 510 170 518 564 0 508 347 818 382 602 807 139 564 163 638 888 493 491 730 519 158 524 403 502 433 299 789 377 
627 723 28 509 629 117 404 757 756 610 92 90 837 507 737 836 510 755 475 515 839 664 274 875 792 779 560 555 729 342 472 305 22 343 769 382 508 0 476 955 786 894 876 368 487 421 466 594 413 309 535 14 665 719 910 966 910 706 531 676 
155 248 479 48 528 471 78 420 423 232 385 509 419 397 432 421 443 429 526 339 368 348 284 608 324 347 374 401 290 453 246 258 492 351 293 280 347 476 0 522 360 418 481 310 232 194 326 590 184 651 411 490 453 249 610 566 534 302 487 214 
378 374 949 475 975 979 569 270 723 346 863 1009 582 573 762 123 615 286 740 515 377 709 692 908 233 177 495 526 232 764 728 658 975 869 314 604 818 955 522 0 548 307 127 824 483 699 554 713 544 1171 558 969 856 294 874 687 717 580 644 450 
301 202 798 364 481 741 436 621 181 480 706 791 59 732 225 521 781 638 879 666 175 203 643 360 328 449 688 721 412 813 342 619 797 519 244 637 382 786 360 548 0 260 591 471 561 371 666 928 539 859 739 800 343 304 329 208 194 85 826 164 
274 172 898 390 730 880 493 463 441 395 804 923 282 676 484 321 726 482 843 607 86 451 682 613 153 274 611 647 268 816 533 650 910 703 128 633 602 894 418 307 260 0 384 654 524 532 626 859 541 1037 673 909 597 197 573 379 412 317 766 235 
360 396 867 432 976 913 513 147 756 270 786 938 634 458 789 71 497 162 621 405 436 726 605 948 263 149 380 409 202 656 710 572 897 833 347 508 807 876 481 127 591 384 0 792 391 671 448 588 462 1114 440 889 868 298 921 756 775 607 523 465 
446 489 389 359 287 288 298 726 399 539 319 342 511 617 374 731 650 732 685 582 579 309 390 507 607 654 627 643 597 566 129 392 371 48 550 466 139 368 310 824 471 654 792 0 492 125 548 784 412 389 640 380 297 535 542 621 558 386 689 419 
270 391 477 205 746 536 198 271 651 142 399 554 620 170 663 360 220 270 324 108 508 580 214 839 380 318 142 169 281 296 465 181 508 520 402 121 564 487 232 483 561 524 391 492 0 401 106 366 84 746 181 499 683 326 839 769 749 519 264 398 
321 365 436 242 345 369 203 615 341 427 349 419 418 547 330 608 585 623 642 501 460 250 352 490 481 531 542 564 474 537 69 343 430 173 425 403 163 421 194 699 371 532 671 125 401 0 475 728 330 505 566 434 300 409 512 545 490 288 628 297 
376 497 451 306 818 537 276 309 749 234 388 545 725 72 758 431 116 302 218 48 614 674 198 933 479 402 93 97 374 209 542 176 489 570 506 90 638 466 326 554 666 626 448 548 106 475 0 264 146 752 92 478 768 430 936 874 852 621 161 504 
631 749 569 570 1065 695 536 443 1014 466 546 683 986 196 1022 601 147 427 118 262 859 938 395 1197 705 602 248 212 592 251 797 391 614 796 749 324 888 594 590 713 928 859 588 784 366 728 264 0 408 903 189 599 1025 669 1201 1135 1116 886 103 764 
270 390 406 175 675 455 129 352 607 197 323 476 598 218 614 423 261 352 342 171 512 529 150 789 410 371 214 233 326 280 396 116 434 438 414 98 493 413 184 544 539 541 462 412 84 330 146 408 0 663 236 427 621 346 794 746 718 486 305 381 
803 868 335 696 519 215 603 1015 763 844 366 219 896 802 729 1063 812 1016 785 798 965 682 553 815 972 994 845 846 938 651 518 578 289 340 925 662 491 309 651 1171 859 1037 1114 389 746 505 752 903 663 0 830 305 615 898 866 993 923 774 837 802 
441 559 516 386 910 615 366 293 832 278 464 618 798 28 844 438 57 281 182 73 670 760 279 1019 521 426 64 31 409 231 633 261 557 661 560 177 730 535 411 558 739 673 440 640 181 566 92 189 236 830 0 545 857 481 1020 946 928 700 93 575 
641 737 30 523 638 121 419 770 769 623 107 87 851 516 749 850 519 767 481 526 854 677 287 886 806 793 571 565 743 349 485 318 15 354 783 394 519 14 490 969 800 909 889 380 499 434 478 599 427 305 545 0 676 734 922 979 923 720 539 691 
513 482 687 491 140 576 491 851 178 671 615 631 349 840 132 798 881 863 942 789 511 147 652 210 623 718 826 851 667 836 230 643 667 323 542 701 158 665 453 856 343 597 868 297 683 300 768 1025 621 615 857 676 0 570 253 398 322 281 924 406 
94 102 720 210 684 721 315 317 459 203 627 758 355 482 491 227 532 334 647 413 190 428 490 653 74 150 421 457 107 619 434 457 737 581 79 436 524 719 249 294 304 197 298 535 326 409 430 669 346 898 481 734 570 0 630 493 497 309 574 166 
609 528 930 634 358 827 669 944 187 787 852 881 292 1007 183 850 1053 959 1133 947 496 267 858 65 658 778 977 1007 737 1041 447 843 913 573 573 886 403 910 610 874 329 573 921 542 839 512 936 1201 794 866 1020 922 253 630 0 233 168 329 1098 473 
506 396 980 572 533 906 640 809 230 682 892 958 149 939 269 688 989 826 1087 873 319 312 846 292 498 626 894 927 598 1019 498 823 974 664 421 844 502 966 566 687 208 379 756 621 769 545 874 1135 746 993 946 979 398 493 233 0 76 268 1034 371 
495 395 926 546 457 844 605 814 160 674 839 898 142 919 195 705 968 831 1060 855 341 248 807 222 513 638 879 911 604 985 439 787 917 599 431 815 433 910 534 717 194 412 775 558 749 490 852 1116 718 923 928 923 322 497 168 76 0 232 1013 356 
279 210 718 315 413 657 373 616 150 457 628 707 130 690 182 535 738 631 828 627 231 134 578 345 350 459 653 685 414 753 257 556 716 433 266 582 299 706 302 580 85 317 607 386 519 288 621 886 486 774 700 720 281 309 329 268 232 0 783 145 
531 650 509 467 967 624 434 376 911 371 472 619 885 94 920 526 44 361 101 162 763 835 306 1094 614 518 156 121 502 196 696 298 553 704 653 224 789 531 487 644 826 766 523 689 264 628 161 103 305 837 93 539 924 574 1098 1034 1013 783 0 662 
138 77 683 206 526 651 293 471 295 318 589 696 222 568 325 393 618 486 718 502 165 262 498 491 217 316 524 557 269 660 300 471 690 467 140 479 377 676 214 450 164 235 465 419 398 297 504 764 381 802 575 691 406 166 473 371 356 145 662 0 
TIME_WINDOW_SECTION
1 0 12060
2 8120 8210
3 2330 2550
4 0 280
5 5100 5370
6 7170 7320
7 170 370
8 9590 9930
9 4650 4870
10 3050 3320
11 2150 2380
12 2330 2500
13 4390 4520
14 520 650
15 5350 5530
16 3280 3450
17 620 720
18 8790 9060
19 1420 1470
20 780 1020
21 11700 11810
22 4790 4980
23 1940 2090
24 6080 6260
25 3770 3990
26 3200 3520
27 680 910
28 1060 1270
29 3720 3830
30 1400 1600
31 7490 7670
32 2810 2910
33 2340 2500
34 6860 7030
35 3920 4060
36 340 620
37 6440 6620
38 2470 2630
39 9260 9350
40 3480 3740
41 7870 8070
42 8200 8520
43 8650 8900
44 6620 6860
45 820 1090
46 6670 6900
47 410 580
48 1260 1360
49 260 400
50 10640 10790
51 640 850
52 2240 2490
53 4980 5160
54 3910 4250
55 5530 5770
56 5820 6020
57 4510 4810
58 4240 4440
59 1630 1960
60 4080 4410
DEPOT_SECTION
1 
-1
EOF
