NAME : N60ft410.dat
TYPE : TSPTW
DIMENSION : 60
EDGE_WEIGHT_TYPE : EXPLICIT
EDGE_WEIGHT_FORMAT : FULL_MATRIX
EDGE_WEIGHT_SECTION
0 104 526 932 367 803 690 530 801 1062 982 936 839 617 773 689 449 959 781 362 59 501 187 736 368 630 623 293 38 905 323 819 677 904 405 786 548 296 506 539 984 1072 990 791 287 472 653 415 455 506 905 502 600 489 747 568 682 678 638 672 
104 0 444 875 369 769 754 549 770 1083 917 977 782 627 747 687 375 910 749 448 58 426 148 673 279 640 622 271 66 907 416 783 655 922 363 754 490 277 565 621 925 1098 1017 797 355 554 573 365 554 412 854 417 593 405 753 556 738 612 597 748 
526 444 0 470 392 460 868 527 468 960 490 953 384 538 470 531 87 529 452 716 467 53 351 265 167 548 490 321 492 718 717 460 422 799 229 453 159 328 694 836 509 991 924 648 591 783 128 197 871 106 468 37 446 42 614 406 815 201 296 915 
932 875 470 0 634 236 956 629 251 768 100 876 92 563 296 480 509 89 259 978 879 463 744 206 626 562 501 649 906 519 1004 212 365 655 529 253 385 649 850 1024 61 812 778 534 868 996 366 516 1139 563 61 508 477 512 531 470 883 271 311 1042 
367 369 392 634 0 460 483 186 455 716 707 633 546 258 420 323 310 639 435 352 337 342 227 474 342 270 256 114 359 540 371 479 321 553 163 441 302 105 302 446 694 734 654 428 235 398 478 196 514 451 593 397 234 382 385 205 439 434 323 523 
803 769 460 236 460 0 722 410 15 565 335 646 195 333 59 245 456 198 26 780 759 427 624 247 573 331 274 509 785 308 813 25 146 433 406 19 314 507 630 804 295 605 560 301 682 783 411 408 937 566 176 495 259 492 295 265 649 286 178 811 
690 754 868 956 483 722 0 352 709 532 1052 318 893 395 663 477 790 918 698 356 700 816 659 870 822 394 458 586 708 554 411 747 594 446 640 704 746 576 192 205 1017 516 444 461 402 253 933 673 408 935 898 877 490 863 444 511 75 855 693 104 
530 549 527 629 186 410 352 0 400 534 718 448 556 98 355 193 457 607 383 382 510 474 412 520 515 108 138 300 530 386 423 434 266 374 309 390 395 291 221 395 691 549 469 267 308 373 582 340 532 606 576 542 152 529 226 163 291 502 344 422 
801 770 468 251 455 15 709 400 0 550 350 630 210 321 46 231 462 210 20 771 758 434 624 261 578 319 263 508 784 293 805 39 138 417 407 15 320 505 619 793 309 590 545 286 675 772 423 410 928 574 191 503 249 500 280 258 635 297 182 798 
1062 1083 960 768 716 565 532 534 550 0 866 232 756 461 522 432 917 691 555 827 1045 912 944 808 1008 448 485 826 1064 257 881 582 539 165 795 558 800 818 611 725 813 46 88 312 807 754 953 817 926 1059 708 987 526 978 350 569 476 832 672 634 
982 917 490 100 707 335 1052 718 350 866 0 977 163 657 395 577 543 176 358 1057 927 494 795 246 655 657 594 710 954 619 1079 311 458 755 587 351 435 711 939 1111 57 910 878 635 943 1080 371 570 1219 572 162 526 567 533 631 557 979 305 387 1135 
936 977 953 876 633 646 318 448 630 232 977 0 840 414 591 437 893 813 628 650 931 901 852 861 962 404 463 747 945 371 706 668 567 229 751 633 802 738 442 522 930 205 149 345 658 561 977 779 725 1042 814 973 507 962 361 546 278 869 698 413 
839 782 384 92 546 195 893 556 210 756 163 840 0 498 249 423 418 146 212 894 786 373 651 119 536 499 435 557 813 500 918 175 299 628 436 206 292 558 776 948 148 797 755 495 782 917 290 423 1056 481 86 422 405 425 484 394 822 183 224 974 
617 627 538 563 258 333 395 98 321 461 657 414 498 0 275 98 479 531 307 478 593 487 484 482 556 12 63 365 614 290 520 358 199 297 342 314 390 356 301 474 624 482 405 173 406 459 571 368 625 628 506 559 100 548 130 134 324 475 306 478 
773 747 470 296 420 59 663 355 46 522 395 591 249 275 0 185 455 256 37 730 732 432 599 285 568 272 218 481 757 265 765 84 99 382 387 43 316 477 573 748 355 561 511 245 636 728 438 393 885 576 236 504 207 499 236 219 589 314 175 752 
689 687 531 480 323 245 477 193 231 432 577 437 423 98 185 0 485 441 220 575 659 482 540 427 577 92 66 417 682 219 616 270 131 269 366 227 374 410 398 571 540 461 393 119 498 558 542 386 723 629 421 557 97 547 83 139 403 432 261 567 
449 375 87 509 310 456 790 457 462 917 543 893 418 479 455 485 0 556 443 628 391 51 269 303 119 490 437 233 418 686 629 461 391 754 150 446 141 240 612 750 554 946 876 605 504 696 205 118 783 149 497 87 394 73 568 352 740 239 280 833 
959 910 529 89 639 198 918 607 210 691 176 813 146 531 256 441 556 0 224 972 909 514 773 265 676 529 473 669 936 448 1002 173 342 587 553 217 422 668 828 1002 122 736 707 478 869 979 436 545 1131 627 60 567 455 569 481 457 844 327 322 1008 
781 749 452 259 435 26 698 383 20 555 358 628 212 307 37 220 443 224 0 753 737 417 603 253 559 306 248 487 763 298 787 50 120 418 387 7 302 484 603 778 319 595 547 282 656 756 411 390 911 558 200 487 232 483 273 239 624 286 163 785 
362 448 716 978 352 780 356 382 771 827 1057 650 894 478 730 575 628 972 753 0 390 671 404 826 610 486 519 395 389 750 56 803 633 695 502 760 652 388 215 179 1039 824 743 632 124 112 819 531 162 746 932 710 523 695 595 515 373 786 669 316 
59 58 467 879 337 759 700 510 758 1045 927 931 786 593 732 659 391 909 737 390 0 443 136 681 308 606 593 251 27 877 358 773 637 885 356 743 494 255 512 564 931 1058 976 765 300 496 594 364 498 446 854 443 567 430 722 533 686 622 591 692 
501 426 53 463 342 427 816 474 434 912 494 901 373 487 432 482 51 514 417 671 443 0 320 256 163 496 440 276 469 674 674 430 378 751 178 419 116 283 642 786 507 943 875 600 546 734 154 145 827 147 454 74 396 67 565 355 763 192 257 863 
187 148 351 744 227 624 659 412 624 944 795 852 651 484 599 540 269 773 603 404 136 320 0 548 212 497 475 123 162 760 389 638 507 780 220 608 360 129 466 559 797 961 881 651 287 495 474 228 542 354 718 333 445 319 608 408 631 491 455 670 
736 673 265 206 474 247 870 520 261 808 246 861 119 482 285 427 303 265 253 826 681 256 548 0 419 486 419 465 708 551 844 237 295 665 342 251 189 467 733 900 252 846 794 520 708 862 176 324 989 362 204 303 382 306 500 358 803 64 177 942 
368 279 167 626 342 573 822 515 578 1008 655 962 536 556 568 577 119 676 559 610 308 163 212 419 0 567 523 237 332 787 600 579 497 843 214 562 260 246 635 752 669 1034 960 697 488 692 296 191 753 142 616 138 482 126 658 439 781 355 395 851 
630 640 548 562 270 331 394 108 319 448 657 404 499 12 272 92 490 529 306 486 606 496 497 486 567 0 66 377 627 278 530 356 200 284 353 313 399 369 306 479 623 469 393 161 416 466 579 379 632 638 505 569 107 558 118 143 322 481 311 479 
623 622 490 501 256 274 458 138 263 485 594 463 435 63 218 66 437 473 248 519 593 440 475 419 523 66 0 352 616 284 558 299 136 320 309 255 338 345 355 529 562 511 438 178 436 511 515 332 671 584 445 513 44 503 136 85 387 415 244 540 
293 271 321 649 114 509 586 300 508 826 710 747 557 365 481 417 233 669 487 395 251 276 123 465 237 377 352 0 276 637 398 525 386 662 122 493 277 9 397 521 705 845 766 529 270 464 427 144 551 360 617 316 322 301 487 285 547 414 347 614 
38 66 492 906 359 785 708 530 784 1064 954 945 813 614 757 682 418 936 763 389 27 469 162 708 332 627 616 276 0 900 354 800 663 905 383 769 521 280 522 565 958 1076 994 787 306 498 620 391 490 469 881 468 591 455 743 557 697 649 617 696 
905 907 718 519 540 308 554 386 293 257 619 371 500 290 265 219 686 448 298 750 877 674 760 551 787 278 284 637 900 0 798 325 296 141 580 301 559 630 546 703 568 297 258 119 692 708 701 597 882 821 458 748 315 741 160 355 480 578 424 657 
323 416 717 1004 371 813 411 423 805 881 1079 706 918 520 765 616 629 1002 787 56 358 674 389 844 600 530 558 398 354 798 0 835 667 747 512 794 665 392 270 227 1064 879 798 679 136 162 825 539 154 739 960 708 558 693 641 547 429 801 693 367 
819 783 460 212 479 25 747 434 39 582 311 668 175 358 84 270 461 173 50 803 773 430 638 237 579 356 299 525 800 325 835 0 169 453 419 43 319 523 654 828 270 623 580 324 703 807 405 419 960 566 151 496 282 494 319 287 674 280 187 836 
677 655 422 365 321 146 594 266 138 539 458 567 299 199 99 131 391 342 120 633 637 378 507 295 497 200 136 386 663 296 667 169 0 383 301 127 263 382 487 661 426 573 512 233 537 637 417 312 791 525 310 452 113 445 207 120 523 303 134 677 
904 922 799 655 553 433 446 374 417 165 755 229 628 297 382 269 754 587 418 695 885 751 780 665 843 284 320 662 905 141 747 453 383 0 630 422 641 653 481 618 706 191 129 151 660 635 801 652 810 898 593 826 361 817 186 404 378 683 518 551 
405 363 229 529 163 406 640 309 407 795 587 751 436 342 387 366 150 553 387 502 356 178 220 342 214 353 309 122 383 580 512 419 301 630 0 391 155 124 464 609 584 820 746 485 379 559 317 32 662 297 500 237 269 223 445 227 590 292 234 685 
786 754 453 253 441 19 704 390 15 558 351 633 206 314 43 227 446 217 7 760 743 419 608 251 562 313 255 493 769 301 794 43 127 422 391 0 305 490 610 785 312 598 551 288 663 763 410 394 918 559 194 488 239 485 279 246 631 285 166 792 
548 490 159 385 302 314 746 395 320 800 435 802 292 390 316 374 141 422 302 652 494 116 360 189 260 399 338 277 521 559 665 319 263 641 155 305 0 280 587 744 437 832 767 490 530 699 186 134 813 262 365 189 294 183 457 256 687 137 141 805 
296 277 328 649 105 507 576 291 505 818 711 738 558 356 477 410 240 668 484 388 255 283 129 467 246 369 345 9 280 630 392 523 382 653 124 490 280 0 388 513 706 836 757 522 263 456 433 148 545 369 617 324 315 309 479 279 538 417 346 605 
506 565 694 850 302 630 192 221 619 611 939 442 776 301 573 398 612 828 603 215 512 642 466 733 635 306 355 397 522 546 270 654 487 481 464 610 587 388 0 174 912 609 528 432 220 162 771 497 335 753 797 699 374 685 400 381 175 707 559 220 
539 621 836 1024 446 804 205 395 793 725 1111 522 948 474 748 571 750 1002 778 179 564 786 559 900 752 479 529 521 565 703 227 828 661 618 609 785 744 513 174 0 1085 714 638 594 272 67 924 641 203 882 971 836 548 821 565 554 249 870 729 140 
984 925 509 61 694 295 1017 691 309 813 57 930 148 624 355 540 554 122 319 1039 931 507 797 252 669 623 562 705 958 568 1064 270 426 706 584 312 437 706 912 1085 0 858 827 590 928 1057 397 569 1200 597 118 546 538 551 589 532 944 315 370 1103 
1072 1098 991 812 734 605 516 549 590 46 910 205 797 482 561 461 946 736 595 824 1058 943 961 846 1034 469 511 845 1076 297 879 623 573 191 820 598 832 836 609 714 858 0 82 343 811 746 989 843 917 1090 752 1018 553 1009 378 595 465 869 707 616 
990 1017 924 778 654 560 444 469 545 88 878 149 755 405 511 393 876 707 547 743 976 875 881 794 960 393 438 766 994 258 798 580 512 129 746 551 767 757 528 638 827 82 0 279 728 667 929 770 839 1021 717 950 481 940 310 524 388 813 646 545 
791 797 648 534 428 301 461 267 286 312 635 345 495 173 245 119 605 478 282 632 765 600 651 520 697 161 178 529 787 119 679 324 233 151 485 288 490 522 432 594 590 343 279 0 573 595 650 506 768 747 473 675 216 666 43 258 386 535 367 561 
287 355 591 868 235 682 402 308 675 807 943 658 782 406 636 498 504 869 656 124 300 546 287 708 488 416 436 270 306 692 136 703 537 660 379 663 530 263 220 272 928 811 728 573 0 208 695 407 283 623 826 585 431 570 533 417 395 666 558 393 
472 554 783 996 398 783 253 373 772 754 1080 561 917 459 728 558 696 979 756 112 496 734 495 862 692 466 511 464 498 708 162 807 637 635 559 763 699 456 162 67 1057 746 667 595 208 0 876 590 175 824 946 781 524 766 563 525 283 828 694 204 
653 573 128 366 478 411 933 582 423 953 371 977 290 571 438 542 205 436 411 819 594 154 474 176 296 579 515 427 620 701 825 405 417 801 317 410 186 433 771 924 397 989 929 650 695 876 0 287 977 200 376 159 472 169 622 437 874 125 282 990 
415 365 197 516 196 408 673 340 410 817 570 779 423 368 393 386 118 545 390 531 364 145 228 324 191 379 332 144 391 597 539 419 312 652 32 394 134 148 497 641 569 843 770 506 407 590 287 0 690 266 490 204 291 191 467 248 622 270 232 718 
455 554 871 1139 514 937 408 532 928 926 1219 725 1056 625 885 723 783 1131 911 162 498 827 542 989 753 632 671 551 490 882 154 960 791 810 662 918 813 545 335 203 1200 917 839 768 283 175 977 690 0 893 1093 862 679 847 734 674 451 948 831 330 
506 412 106 563 451 566 935 606 574 1059 572 1042 481 628 576 629 149 627 558 746 446 147 354 362 142 638 584 360 469 821 739 566 525 898 297 559 262 369 753 882 597 1090 1021 747 623 824 200 266 893 0 567 72 540 81 712 498 887 300 401 972 
905 854 468 61 593 176 898 576 191 708 162 814 86 506 236 421 497 60 200 932 854 454 718 204 616 505 445 617 881 458 960 151 310 593 500 194 365 617 797 971 118 752 717 473 826 946 376 490 1093 567 0 506 423 509 470 420 825 267 272 985 
502 417 37 508 397 495 877 542 503 987 526 973 422 559 504 557 87 567 487 710 443 74 333 303 138 569 513 316 468 748 708 496 452 826 237 488 189 324 699 836 546 1018 950 675 585 781 159 204 862 72 506 0 469 15 640 428 827 239 329 920 
600 593 446 477 234 259 490 152 249 526 567 507 405 100 207 97 394 455 232 523 567 396 445 382 482 107 44 322 591 315 558 282 113 361 269 239 294 315 374 548 538 553 481 216 431 524 472 291 679 540 423 469 0 459 176 42 421 374 205 568 
489 405 42 512 382 492 863 529 500 978 533 962 425 548 499 547 73 569 483 695 430 67 319 306 126 558 503 301 455 741 693 494 445 817 223 485 183 309 685 821 551 1009 940 666 570 766 169 191 847 81 509 15 459 0 630 418 813 242 324 905 
747 753 614 531 385 295 444 226 280 350 631 361 484 130 236 83 568 481 273 595 722 565 608 500 658 118 136 487 743 160 641 319 207 186 445 279 457 479 400 565 589 378 310 43 533 563 622 467 734 712 470 640 176 630 0 218 369 510 340 541 
568 556 406 470 205 265 511 163 258 569 557 546 394 134 219 139 352 457 239 515 533 355 408 358 439 143 85 285 557 355 547 287 120 404 227 246 256 279 381 554 532 595 524 258 417 525 437 248 674 498 420 428 42 418 218 0 445 345 181 584 
682 738 815 883 439 649 75 291 635 476 979 278 822 324 589 403 740 844 624 373 686 763 631 803 781 322 387 547 697 480 429 674 523 378 590 631 687 538 175 249 944 465 388 386 395 283 874 622 451 887 825 827 421 813 369 445 0 790 626 176 
678 612 201 271 434 286 855 502 297 832 305 869 183 475 314 432 239 327 286 786 622 192 491 64 355 481 415 414 649 578 801 280 303 683 292 285 137 417 707 870 315 869 813 535 666 828 125 270 948 300 267 239 374 242 510 345 790 0 171 921 
638 597 296 311 323 178 693 344 182 672 387 698 224 306 175 261 280 322 163 669 591 257 455 177 395 311 244 347 617 424 693 187 134 518 234 166 141 346 559 729 370 707 646 367 558 694 282 232 831 401 272 329 205 324 340 181 626 171 0 766 
672 748 915 1042 523 811 104 422 798 634 1135 413 974 478 752 567 833 1008 785 316 692 863 670 942 851 479 540 614 696 657 367 836 677 551 685 792 805 605 220 140 1103 616 545 561 393 204 990 718 330 972 985 920 568 905 541 584 176 921 766 0 
TIME_WINDOW_SECTION
1 0 12860
2 0 500
3 790 1170
4 4030 4300
5 250 560
6 2060 2310
7 6980 7270
8 2500 2760
9 1890 2290
10 10750 11260
11 11450 11870
12 7880 8670
13 4130 4420
14 2510 2620
15 2080 2420
16 2930 3430
17 670 1170
18 4270 4810
19 1870 2380
20 6530 6940
21 0 260
22 960 1530
23 60 380
24 1450 1810
25 5220 5570
26 2650 3280
27 2160 2810
28 500 1170
29 5660 5920
30 3040 3420
31 6100 6400
32 1760 2410
33 1970 2630
34 3450 3630
35 490 1030
36 3650 4230
37 1050 1600
38 250 730
39 6810 7210
40 6620 6800
41 4180 4470
42 8280 8670
43 8550 8920
44 3330 3770
45 6080 6370
46 6070 6670
47 1330 1580
48 5030 5250
49 7340 7650
50 9780 9940
51 3990 4600
52 5210 5490
53 2540 3160
54 760 1300
55 2930 3430
56 2170 2600
57 8780 9090
58 1370 1810
59 1830 2180
60 7100 7430
DEPOT_SECTION
1 
-1
EOF
