NAME : N60ft402.dat
TYPE : TSPTW
DIMENSION : 60
EDGE_WEIGHT_TYPE : EXPLICIT
EDGE_WEIGHT_FORMAT : FULL_MATRIX
EDGE_WEIGHT_SECTION
0 231 262 228 597 761 413 100 338 231 251 716 369 302 271 241 450 716 425 429 798 454 847 201 196 567 379 301 265 158 631 386 190 755 60 421 595 453 340 135 459 125 399 462 715 259 366 458 283 440 654 335 228 315 624 478 347 323 772 188 
231 0 489 435 516 936 458 134 534 160 479 938 417 206 501 315 589 927 514 578 982 430 1017 250 313 748 259 501 423 323 796 607 320 965 191 651 824 680 500 366 656 211 624 690 866 429 449 685 328 461 885 552 457 543 852 599 320 294 952 203 
262 489 0 100 807 676 446 363 154 437 128 454 521 494 100 416 475 463 523 444 691 547 763 411 356 492 624 128 214 212 580 234 255 590 317 166 336 191 237 134 243 310 137 255 674 192 372 254 463 598 402 219 117 138 407 523 474 461 676 422 
228 435 100 0 814 770 346 322 111 358 208 505 550 408 191 431 542 492 570 514 789 446 858 411 374 582 607 74 115 125 668 331 161 690 288 254 411 263 153 142 231 236 202 355 761 93 272 355 479 626 486 309 188 234 504 586 377 366 772 411 
597 516 807 814 0 837 964 533 925 673 714 1235 311 722 752 392 520 1265 387 537 905 946 889 402 451 720 256 888 861 753 703 764 776 991 539 917 1077 969 937 680 1041 675 932 871 719 857 939 863 345 250 1102 712 708 767 999 481 835 809 865 408 
761 936 676 770 837 0 1112 818 819 992 565 795 588 1063 579 633 358 887 477 361 70 1193 88 693 622 194 859 801 885 842 144 442 891 245 764 607 636 657 913 678 854 881 679 466 127 864 1042 460 641 609 588 462 588 538 434 373 1097 1076 31 741 
413 458 446 346 964 1112 0 438 342 300 546 731 779 280 535 652 847 671 838 822 1133 132 1200 603 610 920 712 339 231 277 1001 676 231 1035 453 578 701 565 237 440 408 299 509 697 1092 254 76 698 690 847 786 649 523 580 837 882 160 178 1115 574 
100 134 363 322 533 818 438 0 429 188 344 816 352 258 368 230 484 813 431 469 861 450 902 171 208 627 296 393 337 229 682 473 244 835 57 521 695 554 415 234 551 142 499 556 759 337 407 551 260 413 753 419 323 409 717 502 336 310 832 136 
338 534 154 111 925 819 342 429 0 437 283 423 657 476 254 541 629 395 670 599 829 463 906 523 483 640 718 37 135 212 731 378 229 707 398 240 362 222 106 249 122 326 168 370 826 118 266 373 589 733 445 371 270 286 498 676 419 414 817 522 
231 160 437 358 673 992 300 188 437 0 470 858 537 71 481 417 669 831 620 651 1030 274 1077 357 395 798 418 409 308 232 860 609 207 982 232 603 768 620 378 343 552 128 560 674 940 321 298 671 445 593 839 562 445 528 834 689 161 135 1003 316 
251 479 128 208 714 565 546 344 283 470 0 522 414 536 38 324 346 552 401 316 589 632 653 336 267 375 560 255 321 280 459 140 329 514 288 204 373 255 359 126 366 344 222 211 553 300 476 206 370 489 418 103 25 65 373 395 544 526 569 360 
716 938 454 505 1235 795 731 816 423 858 522 0 929 899 485 847 794 108 893 765 768 862 863 855 789 689 1075 449 558 627 779 489 652 581 771 318 172 269 507 588 324 740 317 391 864 541 662 400 892 1002 207 532 531 468 361 849 837 835 777 872 
369 417 521 550 311 588 779 352 657 537 414 929 0 603 452 128 235 967 113 243 649 802 658 180 177 436 271 621 623 523 444 453 559 702 326 613 768 668 691 408 763 481 636 560 491 612 736 552 91 76 791 402 412 462 689 216 689 662 612 220 
302 206 494 408 722 1063 280 258 476 71 536 899 603 0 545 486 740 865 689 723 1101 225 1149 425 466 869 465 451 342 283 932 676 249 1049 304 659 819 671 404 409 585 191 611 736 1012 358 297 734 512 657 893 630 511 592 896 760 123 101 1074 382 
271 501 100 191 752 579 535 368 254 481 38 485 452 545 0 362 379 514 438 348 598 627 667 371 304 392 594 229 306 279 479 141 327 511 314 168 339 217 337 139 331 354 183 192 574 285 463 189 407 528 388 118 48 47 354 429 545 528 581 393 
241 315 416 431 392 633 652 230 541 417 324 847 128 486 362 0 278 873 203 271 686 677 711 64 59 457 255 504 498 396 490 398 431 703 199 529 694 579 568 292 653 354 540 502 555 488 608 495 47 199 729 341 316 382 648 284 565 539 653 112 
450 589 475 542 520 358 847 484 629 669 346 794 235 740 379 278 0 854 133 31 416 903 433 341 278 202 502 599 644 570 214 307 616 472 436 501 623 560 696 412 709 575 549 403 277 627 787 395 283 272 624 277 359 363 498 54 797 773 380 389 
716 927 463 492 1265 887 671 813 395 831 552 108 967 865 514 873 854 0 942 823 865 803 958 873 814 767 1087 427 523 607 860 546 624 682 774 357 251 299 462 597 280 722 332 458 948 510 606 466 920 1041 307 581 557 507 455 908 790 791 871 885 
425 514 523 570 387 477 838 431 670 620 401 893 113 689 438 203 133 942 0 150 539 875 545 266 230 335 384 636 658 568 334 404 610 606 395 584 725 642 720 429 765 547 620 508 378 645 786 500 187 139 736 361 406 436 620 104 763 738 502 312 
429 578 444 514 537 361 822 469 599 651 316 765 243 723 348 271 31 823 150 0 416 881 440 332 264 193 505 569 617 545 218 277 591 459 419 470 594 529 667 386 678 554 518 374 290 600 761 365 281 288 596 246 329 332 473 84 776 752 381 380 
798 982 691 789 905 70 1133 861 829 1030 589 768 649 1101 598 686 416 865 539 416 0 1220 95 745 671 234 918 814 904 868 205 457 918 197 806 606 616 653 926 707 854 915 681 465 197 882 1062 461 697 673 561 485 613 554 409 435 1129 1108 39 792 
454 430 547 446 946 1193 132 450 463 274 632 862 802 225 627 677 903 803 875 881 1220 0 1281 621 645 999 689 454 339 352 1073 769 302 1136 480 692 825 684 361 514 538 329 627 802 1161 361 200 802 710 863 909 735 608 674 949 932 113 140 1199 585 
847 1017 763 858 889 88 1200 902 906 1077 653 863 658 1149 667 711 433 958 545 440 95 1281 0 773 704 282 929 889 973 930 221 529 979 291 849 690 709 739 1000 766 938 968 763 548 170 952 1130 543 716 671 655 550 676 625 503 442 1185 1164 90 821 
201 250 411 411 402 693 603 171 523 357 336 855 180 425 371 64 341 873 266 332 745 621 773 0 80 513 224 486 465 359 551 428 389 752 150 539 710 586 538 279 639 303 542 529 618 458 563 522 89 244 751 371 324 398 681 348 508 481 712 48 
196 313 356 374 451 622 610 208 483 395 267 789 177 466 304 59 278 814 230 264 671 645 704 80 0 438 300 447 445 347 482 349 385 672 165 472 639 521 514 234 594 317 481 452 554 434 562 445 107 252 676 292 258 326 602 294 534 508 639 123 
567 748 492 582 720 194 920 627 640 798 375 689 436 869 392 457 202 767 335 193 234 999 282 513 438 0 697 620 696 648 94 263 698 271 572 448 519 504 729 484 690 686 515 315 188 675 852 307 472 474 494 273 397 355 347 239 903 882 205 560 
379 259 624 607 256 859 712 296 718 418 560 1075 271 465 594 255 502 1087 384 505 918 689 929 224 300 697 0 681 634 525 714 650 540 954 319 761 933 806 711 489 838 433 759 752 762 633 694 745 226 274 975 592 546 622 902 487 579 553 882 202 
301 501 128 74 888 801 339 393 37 409 255 449 621 451 229 504 599 427 636 569 814 454 889 486 447 620 681 0 117 180 708 359 203 700 362 239 375 231 112 213 158 295 172 361 803 97 263 363 552 698 456 348 240 265 497 646 402 395 801 485 
265 423 214 115 861 885 231 337 135 308 321 558 623 342 306 498 644 523 658 617 904 339 973 465 445 696 634 117 0 108 780 446 104 803 322 353 493 348 77 232 243 212 289 466 873 22 157 466 543 697 574 423 300 349 609 685 285 279 887 453 
158 323 212 125 753 842 277 229 212 232 280 627 523 283 279 396 570 607 568 545 868 352 930 359 347 648 525 180 108 0 726 419 49 790 214 376 536 388 186 164 332 114 328 463 816 108 218 461 440 596 610 383 256 326 619 606 266 250 848 345 
631 796 580 668 703 144 1001 682 731 860 459 779 444 932 479 490 214 860 334 218 205 1073 221 551 482 94 714 708 780 726 0 355 774 311 630 542 610 598 816 561 783 754 608 409 95 760 934 402 497 468 581 360 480 444 430 230 974 952 167 599 
386 607 234 331 764 442 676 473 378 609 140 489 453 676 141 398 307 546 404 277 457 769 529 428 349 263 650 359 446 419 355 0 467 373 415 196 320 256 470 267 428 484 255 106 450 424 604 98 436 521 337 57 165 96 253 362 684 666 442 462 
190 320 255 161 776 891 231 244 229 207 329 652 559 249 327 431 616 624 610 591 918 302 979 389 385 698 540 203 104 49 774 467 0 837 240 415 571 423 179 213 345 110 363 508 864 113 177 507 473 630 647 432 305 374 662 651 219 205 897 370 
755 965 590 690 991 245 1035 835 707 982 514 581 702 1049 511 703 472 682 606 459 197 1136 291 752 672 271 954 700 803 790 311 373 837 0 777 470 441 506 811 641 710 858 545 338 355 781 960 337 727 745 375 420 539 463 233 510 1056 1039 218 795 
60 191 317 288 539 764 453 57 398 232 288 771 326 304 314 199 436 774 395 419 806 480 849 150 165 572 319 362 322 214 630 415 240 777 0 470 645 506 398 184 519 155 454 499 708 318 413 494 237 394 701 361 267 354 661 458 368 343 778 130 
421 651 166 254 917 607 578 521 240 603 204 318 613 659 168 529 501 357 584 470 606 692 690 539 472 448 761 239 353 376 542 196 415 470 470 0 174 59 345 286 248 476 75 141 636 331 502 146 574 687 236 225 215 151 258 555 631 620 600 560 
595 824 336 411 1077 636 701 695 362 768 373 172 768 819 339 694 623 251 725 594 616 825 709 710 639 519 933 375 493 536 610 320 571 441 645 174 0 148 464 461 308 643 208 220 697 472 626 228 738 839 87 367 387 312 208 678 778 770 621 732 
453 680 191 263 969 657 565 554 222 620 255 269 668 671 217 579 560 299 642 529 653 684 739 586 521 504 806 231 348 388 598 256 423 506 506 59 148 0 328 322 203 495 60 192 692 327 489 198 625 742 225 284 263 207 283 614 632 623 649 603 
340 500 237 153 937 913 237 415 106 378 359 507 691 404 337 568 696 462 720 667 926 361 1000 538 514 729 711 112 77 186 816 470 179 811 398 345 464 328 0 290 184 289 274 473 911 80 162 475 614 766 549 456 341 375 604 740 329 329 912 528 
135 366 134 142 680 678 440 234 249 343 126 588 408 409 139 292 412 597 429 386 707 514 766 279 234 484 489 213 232 164 561 267 213 641 184 286 461 322 290 0 361 217 271 332 651 216 376 328 340 484 519 224 101 185 494 453 421 402 685 287 
459 656 243 231 1041 854 408 551 122 552 366 324 763 585 331 653 709 280 765 678 854 538 938 639 594 690 838 158 243 332 783 428 345 710 519 248 308 203 184 361 0 447 175 389 878 231 337 394 701 840 395 437 359 349 484 760 514 513 848 641 
125 211 310 236 675 881 299 142 326 128 344 740 481 191 354 354 575 722 547 554 915 329 968 303 317 686 433 295 212 114 754 484 110 858 155 476 643 495 289 217 447 0 436 546 839 218 265 543 391 548 712 439 319 401 706 603 221 198 891 276 
399 624 137 202 932 679 509 499 168 560 222 317 636 611 183 540 549 332 620 518 681 627 763 542 481 515 759 172 289 328 608 255 363 545 454 75 208 60 274 271 175 436 0 215 703 268 433 220 587 712 285 271 225 186 330 601 572 564 673 556 
462 690 255 355 871 466 697 556 370 674 211 391 560 736 192 502 403 458 508 374 465 802 548 529 452 315 752 361 466 463 409 106 508 338 499 141 220 192 473 332 389 546 215 0 501 443 622 8 542 628 230 161 233 147 162 458 728 713 458 560 
715 866 674 761 719 127 1092 759 826 940 553 864 491 1012 574 555 277 948 378 290 197 1161 170 618 554 188 762 803 873 816 95 450 864 355 708 636 697 692 911 651 878 839 703 501 0 853 1026 494 555 501 662 455 573 539 508 276 1059 1037 158 666 
259 429 192 93 857 864 254 337 118 321 300 541 612 358 285 488 627 510 645 600 882 361 952 458 434 675 633 97 22 108 760 424 113 781 318 331 472 327 80 216 231 218 268 443 853 0 179 444 534 687 553 402 280 328 587 669 305 298 866 448 
366 449 372 272 939 1042 76 407 266 298 476 662 736 297 463 608 787 606 786 761 1062 200 1130 563 562 852 694 263 157 218 934 604 177 960 413 502 626 489 162 376 337 265 433 622 1026 179 0 623 649 806 711 579 454 507 761 825 192 202 1044 540 
458 685 254 355 863 460 698 551 373 671 206 400 552 734 189 495 395 466 500 365 461 802 543 522 445 307 745 363 466 461 402 98 507 337 494 146 228 198 475 328 394 543 220 8 494 444 623 0 534 619 238 154 229 143 166 449 727 712 453 554 
283 328 463 479 345 641 690 260 589 445 370 892 91 512 407 47 283 920 187 281 697 710 716 89 107 472 226 552 543 440 497 436 473 727 237 574 738 625 614 340 701 391 587 542 555 534 649 534 0 156 770 380 363 426 684 279 597 570 662 129 
440 461 598 626 250 609 847 413 733 593 489 1002 76 657 528 199 272 1041 139 288 673 863 671 244 252 474 274 698 697 596 468 521 630 745 394 687 839 742 766 484 840 548 712 628 501 687 806 619 156 0 858 472 488 536 750 239 749 722 635 278 
654 885 402 486 1102 588 786 753 445 839 418 207 791 893 388 729 624 307 736 596 561 909 655 751 676 494 975 456 574 610 581 337 647 375 701 236 87 225 549 519 395 712 285 230 662 553 711 238 770 858 0 391 435 353 154 678 858 849 570 778 
335 552 219 309 712 462 649 419 371 562 103 532 402 630 118 341 277 581 361 246 485 735 550 371 292 273 592 348 423 383 360 57 432 420 361 225 367 284 456 224 437 439 271 161 455 402 579 154 380 472 391 0 127 88 310 330 645 627 466 405 
228 457 117 188 708 588 523 323 270 445 25 531 412 511 48 316 359 557 406 329 613 608 676 324 258 397 546 240 300 256 480 165 305 539 267 215 387 263 341 101 359 319 225 233 573 280 454 229 363 488 435 127 0 86 396 406 519 501 593 345 
315 543 138 234 767 538 580 409 286 528 65 468 462 592 47 382 363 507 436 332 554 674 625 398 326 355 622 265 349 326 444 96 374 463 354 151 312 207 375 185 349 401 186 147 539 328 507 143 426 536 353 88 86 0 309 415 593 576 538 424 
624 852 407 504 999 434 837 717 498 834 373 361 689 896 354 648 498 455 620 473 409 949 503 681 602 347 902 497 609 619 430 253 662 233 661 258 208 283 604 494 484 706 330 162 508 587 761 166 684 750 154 310 396 309 0 549 881 868 416 715 
478 599 523 586 481 373 882 502 676 689 395 849 216 760 429 284 54 908 104 84 435 932 442 348 294 239 487 646 685 606 230 362 651 510 458 555 678 614 740 453 760 603 601 458 276 669 825 449 279 239 678 330 406 415 549 0 824 799 398 396 
347 320 474 377 835 1097 160 336 419 161 544 837 689 123 545 565 797 790 763 776 1129 113 1185 508 534 903 579 402 285 266 974 684 219 1056 368 631 778 632 329 421 514 221 572 728 1059 305 192 727 597 749 858 645 519 593 881 824 0 26 1106 471 
323 294 461 366 809 1076 178 310 414 135 526 835 662 101 528 539 773 791 738 752 1108 140 1164 481 508 882 553 395 279 250 952 666 205 1039 343 620 770 623 329 402 513 198 564 713 1037 298 202 712 570 722 849 627 501 576 868 799 26 0 1085 444 
772 952 676 772 865 31 1115 832 817 1003 569 777 612 1074 581 653 380 871 502 381 39 1199 90 712 639 205 882 801 887 848 167 442 897 218 778 600 621 649 912 685 848 891 673 458 158 866 1044 453 662 635 570 466 593 538 416 398 1106 1085 0 759 
188 203 422 411 408 741 574 136 522 316 360 872 220 382 393 112 389 885 312 380 792 585 821 48 123 560 202 485 453 345 599 462 370 795 130 560 732 603 528 287 641 276 556 560 666 448 540 554 129 278 778 405 345 424 715 396 471 444 759 0 
TIME_WINDOW_SECTION
1 0 12050
2 70 620
3 4000 4280
4 5040 5240
5 910 1360
6 2750 3540
7 5950 6320
8 0 430
9 4580 5070
10 5350 5650
11 3910 4250
12 8100 8590
13 1380 1610
14 5790 6110
15 3840 4100
16 480 650
17 1640 2330
18 8350 8820
19 1760 2140
20 3380 3520
21 2460 2580
22 5990 6420
23 2490 2890
24 420 920
25 400 1070
26 2590 3110
27 950 1150
28 6480 7170
29 5160 5330
30 5230 5530
31 2060 2340
32 3650 3970
33 6420 6950
34 11000 11290
35 90 790
36 4350 4880
37 7890 8190
38 7250 7740
39 4900 5190
40 6960 7040
41 7710 7760
42 5320 5580
43 4590 4950
44 4440 4690
45 2160 2740
46 4780 5350
47 9290 9600
48 7190 7380
49 1580 1880
50 10010 10450
51 8160 8730
52 4240 4410
53 3830 4320
54 3850 4100
55 10510 11040
56 1890 2150
57 6090 6460
58 5390 6130
59 2220 2670
60 630 900
DEPOT_SECTION
1 
-1
EOF
