NAME : N60ft207.dat
TYPE : TSPTW
DIMENSION : 60
EDGE_WEIGHT_TYPE : EXPLICIT
EDGE_WEIGHT_FORMAT : FULL_MATRIX
EDGE_WEIGHT_SECTION
0 672 48 340 719 1068 476 806 1000 447 778 1177 1118 601 668 711 751 103 210 888 485 522 346 1194 444 361 1179 313 576 100 524 1027 743 34 483 700 1039 893 290 416 811 578 421 132 877 922 715 842 941 163 487 937 459 414 996 619 834 1082 1055 797 
672 0 719 332 445 578 458 162 350 232 289 622 536 234 78 391 649 634 587 433 260 163 513 738 280 374 641 415 107 673 351 613 807 638 602 46 482 601 382 335 139 190 334 542 224 331 43 192 327 581 184 287 261 494 449 163 636 568 688 755 
48 719 0 387 751 1104 504 854 1045 493 826 1216 1159 642 716 745 771 138 230 925 533 570 371 1227 486 408 1217 351 624 103 559 1060 751 82 499 747 1079 921 337 455 858 621 460 178 923 965 762 890 989 190 534 982 507 440 1036 667 858 1119 1084 811 
340 332 387 0 484 780 314 473 664 111 484 870 801 299 335 454 605 313 283 603 202 191 273 924 147 160 878 142 240 345 282 766 690 306 421 362 728 672 50 162 470 260 167 210 539 598 375 508 619 263 147 600 168 299 686 305 650 787 814 689 
719 445 751 484 0 371 250 580 504 406 734 507 482 226 520 56 217 747 528 211 597 495 385 477 337 633 496 415 478 658 205 309 406 694 333 489 395 188 502 329 489 281 323 603 446 364 455 595 737 561 433 468 573 319 356 582 191 396 337 325 
1068 578 1104 780 371 0 617 629 369 677 826 149 180 481 651 361 502 1079 890 179 818 708 751 160 638 900 128 755 665 1017 544 120 697 1040 702 601 134 288 814 654 523 522 649 942 417 268 558 623 733 917 675 384 807 687 143 741 398 41 202 582 
476 458 504 314 250 617 0 620 664 292 716 745 706 245 511 257 297 517 278 445 489 419 135 728 207 475 739 197 433 409 113 559 381 454 144 504 620 417 311 161 561 271 157 370 568 544 488 646 785 314 344 612 458 69 578 535 363 639 580 375 
806 162 854 473 580 629 620 0 313 385 198 635 540 388 137 524 793 756 742 518 343 284 675 789 441 474 662 572 232 819 511 690 961 772 764 118 510 715 524 497 107 350 496 681 214 361 132 35 165 732 331 263 359 657 487 204 766 609 774 901 
1000 350 1045 664 504 369 664 313 0 553 507 333 236 429 396 455 714 976 878 338 608 514 768 516 565 725 366 709 457 984 554 464 910 967 796 345 235 558 711 608 228 431 605 868 127 143 311 293 374 885 521 63 611 724 231 488 645 337 554 817 
447 232 493 111 406 677 292 385 553 0 435 761 691 199 253 369 559 425 357 501 201 129 301 824 85 229 771 187 159 441 222 670 672 414 424 268 619 593 157 134 368 154 137 315 430 487 274 418 541 349 57 490 172 302 578 250 586 681 725 653 
778 289 826 484 734 826 716 198 507 435 0 833 738 518 215 680 935 707 767 704 295 306 736 986 513 418 861 614 283 815 620 881 1084 746 855 247 709 887 530 567 303 468 568 670 412 559 285 214 201 744 377 461 325 736 685 184 925 807 962 1040 
1177 622 1216 870 507 149 745 635 333 761 833 0 96 577 687 488 652 1178 1010 299 877 770 875 214 737 973 40 864 720 1135 661 265 847 1147 840 635 143 438 909 761 535 609 756 1048 422 291 593 620 707 1034 750 372 871 814 183 780 548 113 336 731 
1118 536 1159 801 482 180 706 540 236 691 738 96 0 517 598 454 653 1113 962 271 794 689 831 294 674 895 130 808 637 1082 613 299 852 1087 814 546 87 451 842 704 442 543 699 987 329 207 505 524 611 981 674 277 790 774 128 692 558 138 382 742 
601 234 642 299 226 481 245 388 429 199 518 577 517 0 303 179 417 601 453 304 374 270 338 625 159 428 582 292 252 568 131 471 573 570 387 281 437 404 333 187 318 55 183 471 325 326 255 411 552 467 213 372 354 297 395 357 416 489 527 522 
668 78 716 335 520 651 511 137 396 253 215 687 598 303 0 466 720 620 608 510 216 146 550 812 318 343 709 440 95 681 410 690 872 634 654 52 550 679 386 374 169 254 374 543 274 397 94 173 288 596 197 336 226 540 519 93 711 640 766 825 
711 391 745 454 56 361 257 524 455 369 680 488 454 179 466 0 273 732 528 188 553 449 389 483 306 598 481 401 429 657 187 318 459 684 360 434 366 225 478 307 432 234 301 590 392 318 399 539 680 557 390 416 531 326 326 531 245 382 359 381 
751 649 771 605 217 502 297 793 714 559 935 652 653 417 720 273 0 806 541 391 759 670 407 553 476 766 630 495 665 668 336 400 200 734 275 695 570 219 607 444 705 469 439 660 664 571 664 810 952 587 600 682 731 343 537 771 112 539 375 107 
103 634 138 313 747 1079 517 756 976 425 707 1178 1113 601 620 732 806 0 279 899 421 476 399 1214 442 290 1184 332 532 197 544 1050 819 90 549 657 1037 928 270 426 773 570 431 146 850 911 677 791 880 228 455 912 399 463 995 559 880 1090 1085 862 
210 587 230 283 528 890 278 742 878 357 767 1010 962 453 608 528 541 279 0 714 480 470 143 1006 316 393 1008 173 513 131 349 838 539 197 273 625 878 693 238 269 719 447 272 154 763 779 628 775 896 51 411 818 447 211 835 587 627 909 857 587 
888 433 925 603 211 179 445 518 338 501 704 299 271 304 510 188 391 899 714 0 655 545 576 322 459 728 294 575 507 840 366 180 591 860 544 464 185 220 635 474 412 348 469 763 328 197 422 521 650 740 505 322 641 514 148 594 310 195 257 488 
485 260 533 202 597 818 489 343 608 201 295 877 794 374 216 553 759 421 480 655 0 110 472 974 285 132 894 342 156 520 423 833 871 452 613 263 735 779 241 328 384 320 332 374 482 587 296 378 459 452 163 545 33 489 699 140 782 814 897 854 
522 163 570 191 495 708 419 284 514 129 306 770 689 270 146 449 670 476 470 545 110 0 429 864 211 211 785 309 57 536 336 723 796 487 553 181 627 674 241 263 299 214 265 397 387 481 204 319 428 453 74 450 101 432 590 121 683 705 788 768 
346 513 371 273 385 751 135 675 768 301 736 875 831 338 550 389 407 399 143 576 472 429 0 863 233 421 870 130 460 274 219 695 437 327 160 556 746 549 248 177 634 345 178 255 661 658 550 705 836 183 359 711 439 68 704 551 487 771 714 465 
1194 738 1227 924 477 160 728 789 516 824 986 214 294 625 812 483 553 1214 1006 322 974 864 863 0 778 1050 173 884 823 1136 671 168 730 1168 790 762 283 337 954 788 683 671 782 1073 576 427 719 781 887 1038 827 539 962 796 301 901 440 180 180 608 
444 280 486 147 337 638 207 441 565 85 513 737 674 159 318 306 476 442 316 459 285 211 233 778 0 297 742 144 231 419 141 619 587 413 342 322 596 525 175 56 406 135 56 312 448 478 318 472 603 320 137 504 256 223 554 330 509 648 666 568 
361 374 408 160 633 900 475 474 725 229 418 973 895 428 343 598 766 290 393 728 132 211 421 1050 297 0 986 293 267 408 437 899 848 329 576 386 830 821 173 321 506 380 326 264 598 688 414 509 591 356 224 661 116 456 791 272 806 901 955 850 
1179 641 1217 878 496 128 739 662 366 771 861 40 130 582 709 481 630 1184 1008 294 894 785 870 173 742 986 0 866 738 1133 659 237 824 1150 829 657 158 414 915 763 561 617 758 1051 449 311 615 649 741 1033 762 401 886 808 195 802 524 99 302 706 
313 415 351 142 415 755 197 572 709 187 614 864 808 292 440 401 495 332 173 575 342 309 130 884 144 293 866 0 346 277 213 719 557 284 283 454 727 598 120 104 546 278 108 188 592 617 455 604 729 176 244 648 309 164 684 430 556 769 753 568 
576 107 624 240 478 665 433 232 457 159 283 720 637 252 95 429 665 532 513 507 156 57 460 823 231 267 738 346 0 586 339 687 803 542 572 124 579 651 291 286 241 198 287 449 331 430 147 267 383 500 102 394 154 454 543 106 669 660 756 767 
100 673 103 345 658 1017 409 819 984 441 815 1135 1082 568 681 657 668 197 131 840 520 536 274 1136 419 408 1133 277 586 0 474 968 648 107 395 706 1000 824 295 380 810 554 384 145 865 894 715 853 963 101 489 922 490 342 957 644 757 1035 988 707 
524 351 559 282 205 544 113 511 554 222 620 661 613 131 410 187 336 544 349 366 423 336 219 671 141 437 659 213 339 474 0 505 464 497 256 397 529 392 297 123 448 160 118 402 455 439 378 536 676 373 264 500 395 169 486 445 368 561 542 432 
1027 613 1060 766 309 120 559 690 464 670 881 265 299 471 690 318 400 1050 838 180 833 723 695 168 619 899 237 719 687 968 505 0 589 1001 625 643 240 181 793 624 583 520 619 908 488 341 601 689 811 870 679 467 817 628 233 774 291 162 89 470 
743 807 751 690 406 697 381 961 910 672 1084 847 852 573 872 459 200 819 539 591 871 796 437 730 587 848 824 557 803 648 464 589 0 735 277 854 770 409 677 542 881 618 538 684 851 768 829 981 1124 591 722 874 839 392 737 909 299 735 550 121 
34 638 82 306 694 1040 454 772 967 414 746 1147 1087 570 634 684 734 90 197 860 452 487 327 1168 413 329 1150 284 542 107 497 1001 735 0 470 665 1008 870 257 386 776 547 391 100 844 891 681 807 907 147 453 904 425 394 966 585 814 1053 1031 784 
483 602 499 421 333 702 144 764 796 424 855 840 814 387 654 360 275 549 273 544 613 553 160 790 342 576 829 283 572 395 256 625 277 470 0 648 726 457 403 289 704 415 287 410 707 669 633 791 929 323 479 747 580 123 686 672 374 730 625 313 
700 46 747 362 489 601 504 118 345 268 247 635 546 281 52 434 695 657 625 464 263 181 556 762 322 386 657 454 124 706 397 643 854 665 648 0 498 640 412 378 120 237 378 571 222 345 43 150 281 617 216 284 270 539 467 146 679 589 721 801 
1039 482 1079 728 395 134 620 510 235 619 709 143 87 437 550 366 570 1037 878 185 735 627 746 283 596 830 158 727 579 1000 529 240 770 1008 726 498 0 374 767 623 406 467 618 908 296 153 456 500 603 899 607 256 729 688 42 643 478 103 329 662 
893 601 921 672 188 288 417 715 558 593 887 438 451 404 679 225 219 928 693 220 779 674 549 337 525 821 414 598 651 824 392 181 409 870 457 640 374 0 689 516 613 459 510 783 542 417 602 722 858 731 616 542 757 481 350 750 110 327 167 293 
290 382 337 50 502 814 311 524 711 157 530 909 842 333 386 478 607 270 238 635 241 241 248 954 175 173 915 120 291 295 297 793 677 257 403 412 767 689 0 173 521 299 179 159 587 641 425 558 669 214 197 648 208 284 725 352 660 822 837 686 
416 335 455 162 329 654 161 497 608 134 567 761 704 187 374 307 444 426 269 474 328 263 177 788 56 321 763 104 286 380 123 624 542 386 289 378 623 516 173 0 458 177 5 288 495 513 372 527 659 279 190 548 297 168 580 383 488 667 665 531 
811 139 858 470 489 523 561 107 228 368 303 535 442 318 169 432 705 773 719 412 384 299 634 683 406 506 561 546 241 810 448 583 881 776 704 120 406 613 521 458 0 292 457 680 112 255 96 109 248 716 323 170 391 606 381 260 669 504 667 813 
578 190 621 260 281 522 271 350 431 154 468 609 543 55 254 234 469 570 447 348 320 214 345 671 135 380 617 278 198 554 160 520 618 547 415 237 467 459 299 177 292 0 174 446 317 344 218 375 515 454 160 371 300 314 426 303 471 527 579 572 
421 334 460 167 323 649 157 496 605 137 568 756 699 183 374 301 439 431 272 469 332 265 178 782 56 326 758 108 287 384 118 619 538 391 287 378 618 510 179 5 457 174 0 293 492 509 371 526 659 284 192 545 301 167 575 385 483 662 659 527 
132 542 178 210 603 942 370 681 868 315 670 1048 987 471 543 590 660 146 154 763 374 397 255 1073 312 264 1051 188 449 145 402 908 684 100 410 571 908 783 159 288 680 446 293 0 745 790 585 716 822 105 357 805 345 317 866 501 733 955 941 720 
877 224 923 539 446 417 568 214 127 430 412 422 329 325 274 392 664 850 763 328 482 387 661 576 448 598 449 592 331 865 455 488 851 844 707 222 296 542 587 495 112 317 492 745 0 149 185 205 322 768 395 63 485 623 274 367 612 396 575 771 
922 331 965 598 364 268 544 361 143 487 559 291 207 326 397 318 571 911 779 197 587 481 658 427 478 688 311 617 430 894 439 341 768 891 669 345 153 417 641 513 255 344 509 790 149 0 303 354 469 793 467 127 582 608 125 490 502 248 430 674 
715 43 762 375 455 558 488 132 311 274 285 593 505 255 94 399 664 677 628 422 296 204 550 719 318 414 615 455 147 715 378 601 829 681 633 43 456 602 425 372 96 218 371 585 185 303 0 158 297 623 227 249 300 528 424 187 644 546 679 772 
842 192 890 508 595 623 646 35 293 418 214 620 524 411 173 539 810 791 775 521 378 319 705 781 472 509 649 604 267 853 536 689 981 807 791 150 500 722 558 527 109 375 526 716 205 354 158 0 142 766 365 248 394 685 479 239 778 601 774 918 
941 327 989 619 737 733 785 165 374 541 201 707 611 552 288 680 952 880 896 650 459 428 836 887 603 591 741 729 383 963 676 811 1124 907 929 281 603 858 669 659 248 515 659 822 322 469 297 142 0 882 485 348 483 821 589 322 917 706 898 1060 
163 581 190 263 561 917 314 732 885 349 744 1034 981 467 596 557 587 228 51 740 452 453 183 1038 320 356 1033 176 500 101 373 870 591 147 323 617 899 731 214 279 716 454 284 105 768 793 623 766 882 0 400 824 420 251 856 567 670 934 894 637 
487 184 534 147 433 675 344 331 521 57 377 750 674 213 197 390 600 455 411 505 163 74 359 827 137 224 762 244 102 489 264 679 722 453 479 216 607 616 197 190 323 160 192 357 395 467 227 365 485 400 0 457 140 359 567 193 618 676 739 697 
937 287 982 600 468 384 612 263 63 490 461 372 277 372 336 416 682 912 818 322 545 450 711 539 504 661 401 648 394 922 500 467 874 904 747 284 256 542 648 548 170 371 545 805 63 127 249 248 348 824 457 0 548 669 241 428 621 358 556 787 
459 261 507 168 573 807 458 359 611 172 325 871 790 354 226 531 731 399 447 641 33 101 439 962 256 116 886 309 154 490 395 817 839 425 580 270 729 757 208 297 391 300 301 345 485 582 300 394 483 420 140 548 0 456 691 160 757 805 879 825 
414 494 440 299 319 687 69 657 724 302 736 814 774 297 540 326 343 463 211 514 489 432 68 796 223 456 808 164 454 342 169 628 392 394 123 539 688 481 284 168 606 314 167 317 623 608 528 685 821 251 359 669 456 0 646 552 419 708 646 407 
996 449 1036 686 356 143 578 487 231 578 685 183 128 395 519 326 537 995 835 148 699 590 704 301 554 791 195 684 543 957 486 233 737 966 686 467 42 350 725 580 381 426 575 866 274 125 424 479 589 856 567 241 691 646 0 611 450 122 323 632 
619 163 667 305 582 741 535 204 488 250 184 780 692 357 93 531 771 559 587 594 140 121 551 901 330 272 802 430 106 644 445 774 909 585 672 146 643 750 352 383 260 303 385 501 367 490 187 239 322 567 193 428 160 552 611 0 773 731 847 873 
834 636 858 650 191 398 363 766 645 586 925 548 558 416 711 245 112 880 627 310 782 683 487 440 509 806 524 556 669 757 368 291 299 814 374 679 478 110 660 488 669 471 483 733 612 502 644 778 917 670 618 621 757 419 450 773 0 436 263 184 
1082 568 1119 787 396 41 639 609 337 681 807 113 138 489 640 382 539 1090 909 195 814 705 771 180 648 901 99 769 660 1035 561 162 735 1053 730 589 103 327 822 667 504 527 662 955 396 248 546 601 706 934 676 358 805 708 122 731 436 0 243 620 
1055 688 1084 814 337 202 580 774 554 725 962 336 382 527 766 359 375 1085 857 257 897 788 714 180 666 955 302 753 756 988 542 89 550 1031 625 721 329 167 837 665 667 579 659 941 575 430 679 774 898 894 739 556 879 646 323 847 263 243 0 428 
797 755 811 689 325 582 375 901 817 653 1040 731 742 522 825 381 107 862 587 488 854 768 465 608 568 850 706 568 767 707 432 470 121 784 313 801 662 293 686 531 813 572 527 720 771 674 772 918 1060 637 697 787 825 407 632 873 184 620 428 0 
TIME_WINDOW_SECTION
1 0 13270
2 2070 2420
3 0 130
4 1240 1290
5 4650 4880
6 5710 5940
7 3520 3640
8 2440 2560
9 6130 6410
10 1100 1190
11 9750 9920
12 6610 6870
13 7170 7370
14 4440 4660
15 2300 2530
16 7750 7960
17 7920 8170
18 420 540
19 3820 4060
20 7060 7280
21 1380 1720
22 1570 1840
23 4010 4210
24 5200 5440
25 960 1100
26 1380 1450
27 5590 5760
28 760 1020
29 1940 2190
30 40 200
31 3130 3290
32 5370 5460
33 8430 8680
34 220 420
35 3620 3750
36 2120 2300
37 6530 6680
38 4780 4950
39 710 960
40 3220 3540
41 2520 2650
42 3010 3160
43 960 1140
44 260 470
45 6140 6470
46 5880 6180
47 2770 2960
48 2560 2750
49 11990 12320
50 8910 9250
51 1670 1810
52 10170 10460
53 1810 1970
54 3410 3550
55 5840 5960
56 1870 2150
57 8110 8290
58 5530 5750
59 4960 5170
60 10960 11180
DEPOT_SECTION
1 
-1
EOF
