NAME : N60ft308.dat
TYPE : TSPTW
DIMENSION : 60
EDGE_WEIGHT_TYPE : EXPLICIT
EDGE_WEIGHT_FORMAT : FULL_MATRIX
EDGE_WEIGHT_SECTION
0 511 803 671 657 857 537 422 892 61 224 28 351 487 249 317 356 513 880 472 387 401 112 212 529 186 635 169 541 335 265 101 369 404 404 824 843 811 344 901 493 652 520 226 424 687 435 329 731 872 827 266 720 159 751 373 684 402 609 659 
511 0 893 871 416 917 49 706 479 457 733 483 478 831 277 828 686 385 960 87 837 537 400 344 233 345 687 415 356 175 643 538 881 464 401 796 518 391 575 1022 41 488 56 527 382 875 914 684 356 517 403 720 582 584 792 880 726 709 685 831 
803 893 0 199 553 64 867 413 820 828 831 804 482 455 870 905 487 1183 77 943 659 418 814 907 1092 729 206 671 549 828 575 708 917 458 507 196 658 806 458 131 918 456 946 1023 518 176 752 522 722 713 816 668 391 960 112 860 168 442 215 171 
671 871 199 0 610 264 855 251 906 706 659 677 405 261 787 725 324 1108 258 904 468 340 704 809 1042 638 244 568 568 770 418 570 731 408 469 361 757 874 341 243 888 520 919 896 490 22 557 358 781 811 886 493 486 819 247 672 245 276 221 53 
657 416 553 610 0 557 374 567 304 636 824 638 370 697 548 926 593 786 605 492 806 379 588 616 648 481 372 489 115 450 611 614 966 311 271 408 193 263 466 683 452 96 472 796 243 603 906 613 172 235 276 725 178 798 441 938 392 587 390 559 
857 917 64 264 557 0 888 474 808 878 892 856 527 520 911 968 548 1221 49 971 724 464 862 951 1123 773 239 719 566 863 635 763 980 498 542 167 644 801 512 136 944 461 971 1073 549 241 817 584 722 698 811 730 386 1014 125 924 193 504 255 235 
537 49 867 855 374 888 0 702 430 486 757 510 471 830 313 854 687 434 933 136 848 526 429 382 280 363 662 428 323 204 651 556 906 450 386 762 470 342 572 997 90 450 100 568 365 858 929 688 307 468 355 733 544 620 764 902 699 708 663 813 
422 706 413 251 567 474 702 0 869 461 417 430 233 133 566 494 74 885 486 720 272 192 467 577 841 417 311 340 482 574 167 321 510 271 333 501 749 815 130 491 713 501 745 648 362 269 374 109 719 798 830 255 514 568 398 459 349 30 275 249 
892 479 820 906 304 808 430 869 0 857 1086 869 660 1001 718 1189 891 855 858 565 1098 679 801 790 691 706 663 738 392 604 898 872 1234 606 555 643 166 88 762 943 519 386 520 980 525 897 1196 908 162 115 75 1008 429 1010 708 1213 673 888 685 853 
61 457 828 706 636 878 486 461 857 0 283 36 359 537 189 372 400 453 905 414 447 416 57 150 468 155 650 165 521 283 312 147 426 406 397 834 818 773 371 931 438 640 463 195 413 721 497 375 697 844 789 325 713 162 768 433 700 444 626 690 
224 733 831 659 824 892 757 417 1086 283 0 252 468 417 472 102 343 707 904 697 239 493 336 428 747 396 705 348 711 558 260 214 149 530 554 901 1017 1010 409 903 717 799 744 362 580 680 242 308 924 1052 1026 165 849 248 808 150 750 388 672 665 
28 483 804 677 638 856 510 430 869 36 252 0 343 502 221 345 367 490 881 444 411 397 84 186 503 163 632 155 523 308 278 113 397 394 391 819 823 787 346 905 465 637 492 219 409 693 462 342 708 851 803 289 707 167 749 402 681 413 606 663 
351 478 482 405 370 527 471 233 660 359 468 343 0 365 389 567 234 708 558 502 438 66 336 424 636 247 293 195 268 365 240 275 603 61 106 475 563 598 106 598 490 332 521 552 136 412 537 248 503 605 613 355 381 509 411 570 342 243 271 372 
487 831 455 261 697 520 830 133 1001 537 417 502 365 0 668 471 148 980 519 839 208 326 554 669 952 524 408 444 616 690 224 389 472 405 467 583 877 948 260 500 836 628 868 709 496 283 297 163 852 927 963 255 632 614 472 412 437 122 373 285 
249 277 870 787 548 911 313 566 718 189 472 221 389 668 0 561 521 321 945 226 618 455 137 72 289 149 672 226 444 114 450 305 615 412 375 833 709 630 448 987 252 580 276 262 377 797 679 506 567 725 645 495 667 307 790 622 719 558 656 759 
317 828 905 725 926 968 854 494 1189 372 102 345 567 471 561 0 422 771 976 787 270 589 428 511 826 495 793 450 813 653 348 316 54 629 655 988 1118 1112 502 968 810 899 836 414 682 746 230 387 1026 1155 1127 239 946 301 890 94 836 464 758 736 
356 686 487 324 593 548 687 74 891 400 343 367 234 148 521 422 0 835 560 691 218 214 411 525 803 375 374 296 499 542 94 255 441 285 340 568 782 831 129 565 689 537 721 582 371 343 321 35 736 828 847 183 561 497 468 392 416 48 339 323 
513 385 1183 1108 786 1221 434 885 855 453 707 490 708 980 321 771 835 0 1258 299 900 774 426 311 167 470 981 545 703 359 757 598 825 724 678 1128 904 769 769 1304 344 844 336 360 673 1118 942 817 741 902 780 779 936 470 1097 853 1027 875 968 1079 
880 960 77 258 605 49 933 486 858 905 904 881 558 519 945 976 560 1258 0 1012 725 494 891 983 1163 805 277 748 612 901 650 784 986 533 580 216 693 851 535 88 986 509 1014 1100 589 235 816 596 771 748 860 740 435 1037 169 928 234 515 289 239 
472 87 943 904 492 971 136 720 565 414 697 444 502 839 226 787 691 299 1012 0 823 565 360 285 156 327 736 404 421 151 637 514 841 497 439 859 604 477 590 1070 46 558 53 457 425 909 893 684 442 604 489 702 652 526 845 846 778 719 730 867 
387 837 659 468 806 724 848 272 1098 447 239 411 438 208 618 270 218 900 725 823 0 429 484 596 907 496 583 421 706 673 203 312 266 495 543 771 996 1034 340 708 832 754 862 582 573 491 103 193 940 1041 1049 123 779 474 664 204 620 242 547 488 
401 537 418 340 379 464 526 192 679 416 493 397 66 326 455 589 214 774 494 565 429 0 397 489 701 312 235 254 290 430 246 316 620 80 144 424 567 622 90 532 551 325 582 610 171 347 531 235 527 613 638 363 359 560 352 581 284 209 210 306 
112 400 814 704 588 862 429 467 801 57 336 84 336 554 137 428 411 426 891 360 484 397 0 115 423 107 629 142 474 225 330 173 481 377 360 807 766 717 364 922 381 598 408 220 373 717 542 391 643 791 733 361 674 211 748 486 678 453 607 684 
212 344 907 809 616 951 382 577 790 150 428 186 424 669 72 511 525 311 983 285 596 489 115 0 318 177 714 241 508 186 445 288 565 455 425 882 780 703 468 1020 317 643 337 189 431 821 648 506 640 797 718 473 727 241 833 579 762 566 695 786 
529 233 1092 1042 648 1123 280 841 691 468 747 503 636 952 289 826 803 167 1163 156 907 701 423 318 0 427 886 507 578 271 737 594 881 640 585 1014 749 606 715 1218 195 715 179 443 574 1048 965 791 584 743 616 784 809 536 998 897 929 836 878 1007 
186 345 729 638 481 773 363 417 706 155 396 163 247 524 149 495 375 470 805 327 496 312 107 177 427 0 537 80 367 177 312 192 545 279 256 709 662 624 298 843 336 491 366 325 267 649 569 363 545 689 640 376 568 316 656 539 585 410 517 612 
635 687 206 244 372 239 662 311 663 650 705 632 293 408 672 793 374 981 277 736 583 235 629 714 886 537 0 487 349 624 445 547 815 259 303 195 513 634 300 335 711 279 739 845 311 234 685 408 544 567 646 555 243 795 119 767 49 341 36 191 
169 415 671 568 489 719 428 340 738 165 348 155 195 444 226 450 296 545 748 404 421 254 142 241 507 80 487 0 374 253 233 134 497 240 235 669 678 661 226 781 410 483 441 357 254 580 500 283 576 710 677 305 551 322 606 483 537 332 465 545 
541 356 549 568 115 566 323 482 392 521 711 523 268 616 444 813 499 703 612 421 706 290 474 508 578 367 349 374 0 353 507 500 855 214 163 440 305 332 370 680 387 140 411 685 134 565 804 515 237 342 347 619 233 683 443 828 381 499 356 520 
335 175 828 770 450 863 204 574 604 283 558 308 365 690 114 653 542 359 901 151 673 430 225 186 271 177 624 253 353 0 486 367 705 371 321 768 601 516 446 952 160 493 189 376 314 778 745 534 455 614 531 553 584 417 739 706 669 572 613 736 
265 643 575 418 611 635 651 167 898 312 260 278 240 224 450 348 94 757 650 637 203 246 330 445 737 312 445 233 507 486 0 165 375 300 343 641 803 832 156 658 641 568 672 489 373 436 297 64 739 846 848 117 605 403 547 334 490 142 411 415 
101 538 708 570 614 763 556 321 872 147 214 113 275 389 305 316 255 598 784 514 312 316 173 288 594 192 547 134 500 367 165 0 362 333 347 740 805 795 250 803 527 596 556 327 372 587 378 229 709 839 811 190 654 252 661 349 596 301 519 560 
369 881 917 731 966 980 906 510 1234 426 149 397 603 472 615 54 441 825 986 841 266 620 481 565 881 545 815 497 855 705 375 362 0 665 695 1009 1159 1158 531 973 863 935 889 467 722 753 206 407 1071 1197 1174 260 979 355 909 64 857 480 780 746 
404 464 458 408 311 498 450 271 606 406 530 394 61 405 412 629 285 724 533 497 495 80 377 455 640 279 259 240 214 371 300 333 665 0 64 430 503 546 156 580 480 270 511 597 91 412 595 302 451 546 561 416 321 561 377 631 307 286 243 369 
404 401 507 469 271 542 386 333 555 397 554 391 106 467 375 655 340 678 580 439 543 144 360 425 585 256 303 235 163 321 343 347 695 64 0 458 464 491 211 632 419 249 450 580 30 473 641 354 397 504 507 455 316 557 418 666 348 346 293 429 
824 796 196 361 408 167 762 501 643 834 901 819 475 583 833 988 568 1128 216 859 771 424 807 882 1014 709 195 669 440 768 641 740 1009 430 458 0 478 641 495 303 827 316 851 1027 456 342 871 602 566 532 649 749 231 984 114 960 152 532 229 315 
843 518 658 757 193 644 470 749 166 818 1017 823 563 877 709 1118 782 904 693 604 996 567 766 780 749 662 513 678 305 601 803 805 1159 503 464 478 0 188 656 779 559 249 569 966 436 746 1097 803 165 55 190 918 272 978 548 1131 517 772 539 704 
811 391 806 874 263 801 342 815 88 773 1010 787 598 948 630 1112 831 769 851 477 1034 622 717 703 606 624 634 661 332 516 832 795 1158 546 491 641 188 0 702 933 431 355 433 893 461 867 1129 846 95 155 15 939 415 926 693 1139 650 832 653 822 
344 575 458 341 466 512 572 130 762 371 409 346 106 260 448 502 129 769 535 590 340 90 364 468 715 298 300 226 370 446 156 250 531 156 211 495 656 702 0 560 583 415 614 565 242 353 441 146 607 701 717 273 449 502 411 491 348 137 270 320 
901 1022 131 243 683 136 997 491 943 931 903 905 598 500 987 968 565 1304 88 1070 708 532 922 1020 1218 843 335 781 680 952 658 803 973 580 632 303 779 933 560 0 1046 586 1075 1125 645 223 792 599 851 834 943 737 517 1054 241 913 299 517 339 243 
493 41 918 888 452 944 90 713 519 438 717 465 490 836 252 810 689 344 986 46 832 551 381 317 195 336 711 410 387 160 641 527 863 480 419 827 559 431 583 1046 0 522 31 495 403 892 905 685 397 558 443 713 616 558 818 865 751 715 708 849 
652 488 456 520 96 461 450 501 386 640 799 637 332 628 580 899 537 844 509 558 754 325 598 643 715 491 279 483 140 493 568 596 935 270 249 316 249 355 415 586 522 0 544 814 228 512 856 561 267 300 367 684 94 802 344 901 296 524 299 468 
520 56 946 919 472 971 100 745 520 463 744 492 521 868 276 836 721 336 1014 53 862 582 408 337 179 366 739 441 411 189 672 556 889 511 450 851 569 433 614 1075 31 544 0 511 432 923 935 716 405 566 445 742 638 578 846 893 779 747 737 879 
226 527 1023 896 796 1073 568 648 980 195 362 219 552 709 262 414 582 360 1100 457 582 610 220 189 443 325 845 357 685 376 489 327 467 597 580 1027 966 893 565 1125 495 814 511 0 592 912 604 553 829 985 907 470 893 114 963 500 894 628 821 883 
424 382 518 490 243 549 365 362 525 413 580 409 136 496 377 682 371 673 589 425 573 171 373 431 574 267 311 254 134 314 373 372 722 91 30 456 436 461 242 645 403 228 432 592 0 492 671 384 367 475 476 484 301 574 425 694 355 376 305 448 
687 875 176 22 603 241 858 269 897 721 680 693 412 283 797 746 343 1118 235 909 491 347 717 821 1048 649 234 580 565 778 436 587 753 412 473 342 746 867 353 223 892 512 923 912 492 0 580 377 775 801 879 514 475 836 229 695 231 295 213 45 
435 914 752 557 906 817 929 374 1196 497 242 462 537 297 679 230 321 942 816 893 103 531 542 648 965 569 685 500 804 745 297 378 206 595 641 871 1097 1129 441 792 905 856 935 604 671 580 0 295 1037 1141 1145 195 882 490 763 143 721 345 649 581 
329 684 522 358 613 584 688 109 908 375 308 342 248 163 506 387 35 817 596 684 193 235 391 506 791 363 408 283 515 534 64 229 407 302 354 602 803 846 146 599 685 561 716 553 384 377 295 0 751 848 861 148 588 466 503 359 450 82 373 358 
731 356 722 781 172 722 307 719 162 697 924 708 503 852 567 1026 736 741 771 442 940 527 643 640 584 545 544 576 237 455 739 709 1071 451 397 566 165 95 607 851 397 267 405 829 367 775 1037 751 0 162 110 847 336 853 610 1050 563 736 561 730 
872 517 713 811 235 698 468 798 115 844 1052 851 605 927 725 1155 828 902 748 604 1041 613 791 797 743 689 567 710 342 614 846 839 1197 546 504 532 55 155 701 834 558 300 566 985 475 801 1141 848 162 0 153 959 327 1003 603 1170 573 820 593 758 
827 403 816 886 276 811 355 830 75 789 1026 803 613 963 645 1127 847 780 860 489 1049 638 733 718 616 640 646 677 347 531 848 811 1174 561 507 649 190 15 717 943 443 367 445 907 476 879 1145 861 110 153 0 954 425 941 704 1155 662 847 666 835 
266 720 668 493 725 730 733 255 1008 325 165 289 355 255 495 239 183 779 740 702 123 363 361 473 784 376 555 305 619 553 117 190 260 416 455 749 918 939 273 737 713 684 742 470 484 514 195 148 847 959 954 0 722 367 651 217 597 225 520 501 
720 582 391 486 178 386 544 514 429 713 849 707 381 632 667 946 561 936 435 652 779 359 674 727 809 568 243 551 233 584 605 654 979 321 316 231 272 415 449 517 616 94 638 893 301 475 882 588 336 327 425 722 0 873 279 940 245 540 272 433 
159 584 960 819 798 1014 620 568 1010 162 248 167 509 614 307 301 497 470 1037 526 474 560 211 241 536 316 795 322 683 417 403 252 355 561 557 984 978 926 502 1054 558 802 578 114 574 836 490 466 853 1003 941 367 873 0 910 386 844 545 768 811 
751 792 112 247 441 125 764 398 708 768 808 749 411 472 790 890 468 1097 169 845 664 352 748 833 998 656 119 606 443 739 547 661 909 377 418 114 548 693 411 241 818 344 846 963 425 229 763 503 610 603 704 651 279 910 0 857 70 429 142 200 
373 880 860 672 938 924 902 459 1213 433 150 402 570 412 622 94 392 853 928 846 204 581 486 579 897 539 767 483 828 706 334 349 64 631 666 960 1131 1139 491 913 865 901 893 500 694 695 143 359 1050 1170 1155 217 940 386 857 0 807 428 732 690 
684 726 168 245 392 193 699 349 673 700 750 681 342 437 719 836 416 1027 234 778 620 284 678 762 929 585 49 537 381 669 490 596 857 307 348 152 517 650 348 299 751 296 779 894 355 231 721 450 563 573 662 597 245 844 70 807 0 380 78 193 
402 709 442 276 587 504 708 30 888 444 388 413 243 122 558 464 48 875 515 719 242 209 453 566 836 410 341 332 499 572 142 301 480 286 346 532 772 832 137 517 715 524 747 628 376 295 345 82 736 820 847 225 540 545 429 428 380 0 305 277 
609 685 215 221 390 255 663 275 685 626 672 606 271 373 656 758 339 968 289 730 547 210 607 695 878 517 36 465 356 613 411 519 780 243 293 229 539 653 270 339 708 299 737 821 305 213 649 373 561 593 666 520 272 768 142 732 78 305 0 169 
659 831 171 53 559 235 813 249 853 690 665 663 372 285 759 736 323 1079 239 867 488 306 684 786 1007 612 191 545 520 736 415 560 746 369 429 315 704 822 320 243 849 468 879 883 448 45 581 358 730 758 835 501 433 811 200 690 193 277 169 0 
TIME_WINDOW_SECTION
1 0 11890
2 500 760
3 7790 8200
4 7520 7860
5 5320 5610
6 8310 8770
7 630 1060
8 2530 2900
9 5780 5900
10 0 120
11 3790 4020
12 1780 2090
13 2100 2420
14 2730 3040
15 250 480
16 11130 11570
17 2450 2740
18 1110 1420
19 8020 8140
20 9440 9700
21 2920 3280
22 2220 2570
23 0 180
24 1390 1870
25 1030 1380
26 70 410
27 7270 7740
28 1900 2380
29 4790 5320
30 360 620
31 4400 4640
32 3410 3820
33 3670 4010
34 4710 5000
35 4720 5020
36 7090 7200
37 6470 6810
38 5830 6100
39 2340 2620
40 7940 8270
41 550 910
42 6410 6700
43 530 890
44 1650 2000
45 4960 5500
46 8250 8620
47 3970 4400
48 3340 3510
49 5500 5860
50 5840 6120
51 5590 6040
52 3020 3490
53 8670 9100
54 11070 11360
55 7330 7560
56 3830 4280
57 7090 7480
58 2530 3000
59 10210 10420
60 7460 7910
DEPOT_SECTION
1 
-1
EOF
